Automatically generated mesh
       8
Reciprocal lattice
    0.00000000000000    0.00000000000000    0.00000000000000             1
    0.20000000000000    0.00000000000000    0.00000000000000             2
    0.40000000000000    0.00000000000000    0.00000000000000             2
    0.00000000000000    0.33333333333333    0.00000000000000             2
    0.20000000000000    0.33333333333333    0.00000000000000             2
    0.40000000000000    0.33333333333333    0.00000000000000             2
   -0.40000000000000    0.33333333333333    0.00000000000000             2
   -0.20000000000000    0.33333333333333    0.00000000000000             2
Tetrahedra
        42    0.01111111111111
         2         1         1         2         5
         2         1         1         4         5
         2         1         4         4         5
         2         1         2         2         5
         2         1         2         5         5
         2         1         4         5         5
         2         2         2         3         6
         2         2         2         5         6
         2         2         5         5         6
         2         2         3         3         6
         2         2         3         6         6
         2         2         5         6         6
         4         3         3         3         7
         2         3         3         6         7
         2         3         6         6         7
         2         3         3         7         7
         2         3         6         7         7
         2         2         3         3         8
         2         3         3         7         8
         2         3         7         7         8
         2         2         2         3         8
         2         2         3         8         8
         2         3         7         8         8
         2         1         2         2         4
         2         2         2         4         8
         2         2         4         8         8
         2         1         1         2         4
         2         1         2         4         4
         2         2         4         4         8
         2         4         4         5         8
         4         4         4         4         8
         2         4         5         5         8
         2         4         5         8         8
         2         4         4         8         8
         2         5         5         6         7
         2         5         5         7         8
         2         5         7         8         8
         2         5         6         6         7
         2         5         6         7         7
         2         5         7         7         8
         4         6         6         6         7
         2         6         6         7         7
