    4   15   45
  26.982  12.011  32.066   1.000
    1    1  0.0150  0.0000  0.0000
 -0.199501   0.001488   0.002590
  0.035583   0.000012  -0.000030
  0.009282  -0.000577   0.000080
 -0.005405   0.000174  -0.000106
  0.003226  -0.000119  -0.000140
 -0.002089   0.000142  -0.000279
 -0.021663  -0.000309   0.000388
  0.019316  -0.000157   0.000013
  0.079500  -0.053709   0.006903
  0.078107   0.052620  -0.009421
  0.001818   0.004562   0.000023
  0.001694  -0.004283  -0.000004
 -0.000307   0.000013  -0.000152
  0.000154   0.000143  -0.000085
  0.000287   0.000001   0.000219
    1    2  0.0000  0.0150  0.0000
  0.001089  -0.307301   0.036542
 -0.000248  -0.022797   0.000885
 -0.000828   0.082480  -0.007924
  0.000333   0.003544  -0.000515
 -0.000072   0.003578   0.000824
  0.000094   0.001786   0.001127
 -0.000169   0.089854  -0.014974
 -0.000252   0.016720  -0.000853
 -0.062144   0.073861  -0.007271
  0.062191   0.074479  -0.008181
 -0.001124  -0.006682  -0.001002
  0.001147  -0.007249  -0.001102
 -0.001337  -0.002830   0.002492
  0.000765   0.000140  -0.000744
  0.000552   0.000417   0.000697
    1    3  0.0000  0.0000  0.0150
  0.002790   0.035829  -0.046649
 -0.000137   0.000425   0.000253
  0.000142  -0.007867   0.015225
  0.000036   0.000036   0.001643
 -0.000073  -0.000795   0.000003
  0.000033   0.000116  -0.002383
  0.000406  -0.014648  -0.010164
 -0.000060   0.000166   0.009305
  0.006975  -0.006628   0.015867
 -0.009673  -0.008484   0.016375
  0.001734   0.002363  -0.002803
 -0.001981   0.002844  -0.002546
 -0.000809  -0.003791   0.005550
  0.000132  -0.000233   0.000172
  0.000485   0.000668   0.000154
    2    1  0.0150  0.0000  0.0000
  0.042285  -0.000134  -0.000083
 -0.212564   0.000179  -0.002937
 -0.005699  -0.000257   0.000127
  0.008391  -0.000471  -0.000068
 -0.003141   0.000393   0.000282
  0.003839   0.000166   0.000227
  0.023387   0.000091  -0.000055
 -0.028610   0.000270  -0.000337
  0.085108   0.061095   0.007580
  0.084864  -0.061392  -0.004667
  0.001207  -0.003305   0.000673
  0.001306   0.003515  -0.000815
 -0.000131   0.000047   0.000058
 -0.000081  -0.000039   0.000058
 -0.000161  -0.000157  -0.000040
    2    2  0.0000  0.0150  0.0000
  0.001399  -0.023391   0.000480
 -0.001524  -0.308375  -0.020971
  0.000293   0.002102  -0.000505
 -0.000225   0.078325  -0.005892
  0.000199   0.002458  -0.000242
 -0.000299   0.004554   0.000191
  0.000699   0.017223   0.000071
 -0.001042   0.093245   0.014170
  0.063545   0.075884   0.005990
 -0.062110   0.073079   0.005023
  0.001219  -0.007505   0.001266
 -0.001623  -0.007394   0.000959
  0.000316   0.000329   0.000375
 -0.000285  -0.000246  -0.000046
 -0.000561  -0.000289  -0.000871
    2    3  0.0000  0.0000  0.0150
  0.000080   0.000498   0.000335
 -0.002984  -0.021724  -0.040572
  0.000017  -0.000005   0.001566
 -0.000190  -0.000713   0.019601
 -0.000324  -0.000636  -0.002622
  0.000276   0.000149  -0.000295
  0.000150   0.000049   0.009155
 -0.000484   0.015145  -0.010092
  0.008563   0.006263   0.015155
 -0.005562   0.004220   0.014903
  0.002330  -0.002120  -0.004055
 -0.001813  -0.001003  -0.004061
 -0.000077  -0.000361   0.000237
 -0.000081  -0.000136   0.000228
  0.000098   0.000376   0.000518
    3    1  0.0150  0.0000  0.0000
  0.009146  -0.000450   0.000128
 -0.005621   0.000224   0.000073
 -0.193199   0.005273   0.011842
  0.038594  -0.000568  -0.000122
 -0.023500   0.001830   0.001523
  0.018341  -0.000482   0.000023
  0.003870  -0.000304  -0.000198
 -0.003084  -0.000164   0.000014
  0.001639  -0.004182   0.000769
  0.001330   0.004302  -0.001063
  0.072574   0.051273   0.007685
  0.077118  -0.056820  -0.015570
  0.001817  -0.001676   0.002834
  0.001464   0.001360  -0.002370
 -0.000489   0.000383  -0.005569
    3    2  0.0000  0.0150  0.0000
 -0.000854   0.080943  -0.007661
  0.000077   0.001221  -0.000102
  0.004163  -0.289534  -0.018103
  0.000435  -0.025208   0.000606
 -0.000336   0.082469   0.021114
  0.000401   0.018450  -0.000131
 -0.000094   0.006051   0.000404
  0.000053   0.003359  -0.000015
  0.001414  -0.008365   0.000182
 -0.001455  -0.008353   0.000272
  0.055323   0.063853   0.007209
 -0.058817   0.069141   0.009079
  0.001249   0.008199  -0.009428
 -0.001714  -0.001358   0.004104
  0.000153  -0.000868  -0.007530
    3    3  0.0000  0.0000  0.0150
  0.000033  -0.008220   0.015319
  0.000150  -0.000587   0.001494
  0.011707  -0.018528  -0.051589
 -0.000678   0.000109   0.000344
  0.001383   0.022005  -0.005893
  0.000056  -0.000062   0.008798
 -0.000239   0.000599  -0.000230
  0.000276   0.000105  -0.003303
  0.000576   0.000426  -0.003365
 -0.000694   0.000338  -0.003469
  0.007078   0.004433   0.019880
 -0.016154   0.010804   0.018979
  0.009887  -0.000620   0.007697
 -0.000475   0.001902  -0.002986
 -0.012905  -0.012704  -0.001676
    4    1  0.0150  0.0000  0.0000
 -0.005633   0.000101  -0.000061
  0.008144   0.000179  -0.000192
  0.036940  -0.000671  -0.000486
 -0.200920  -0.005722  -0.006827
  0.020086   0.000148   0.000023
 -0.025468   0.000174  -0.000967
 -0.002594   0.000170   0.000158
  0.003247   0.000088  -0.000001
  0.001240   0.003665   0.000204
  0.001350  -0.004006  -0.000261
  0.078401  -0.053741   0.013446
  0.084877   0.059187  -0.006731
 -0.001364  -0.002811  -0.003837
 -0.000717  -0.000233   0.000735
  0.002414   0.003471   0.004798
    4    2  0.0000  0.0150  0.0000
  0.000226   0.003706  -0.000110
 -0.000376   0.079001  -0.000372
 -0.000606  -0.023478   0.000672
 -0.005952  -0.300608   0.035792
 -0.000794   0.015746  -0.000612
  0.001243   0.091467  -0.016049
  0.000255   0.003037   0.001134
 -0.000088   0.004569   0.000512
 -0.000876  -0.008698  -0.001578
  0.000940  -0.008572  -0.001422
 -0.055483   0.068504  -0.008678
  0.061598   0.073472  -0.008445
  0.002336   0.003809   0.002334
 -0.000511  -0.000621   0.001322
 -0.001914  -0.001334  -0.004501
    4    3  0.0000  0.0000  0.0150
 -0.000149  -0.000558   0.001596
 -0.000134  -0.006040   0.019324
 -0.000176   0.000044   0.000249
 -0.006722   0.035181  -0.046438
 -0.000037   0.000715   0.008446
 -0.000802  -0.014913  -0.009577
 -0.000254   0.000244  -0.003096
  0.000161  -0.000618  -0.000065
  0.002013   0.002563  -0.003763
 -0.001925   0.002330  -0.003641
  0.013527  -0.011999   0.018151
 -0.006866  -0.006613   0.016821
  0.000731   0.000607   0.001899
 -0.000072   0.000242   0.000440
  0.000703  -0.001185  -0.000343
    5    1  0.0150  0.0000  0.0000
  0.003893   0.000137  -0.000118
 -0.003325   0.000146  -0.000417
 -0.022956   0.000537   0.001572
  0.020817  -0.000513   0.000025
 -0.213829  -0.007246   0.007049
  0.041516  -0.000053   0.000140
  0.009409   0.000082   0.000209
 -0.006251   0.000004  -0.000014
  0.001246   0.003638  -0.000403
  0.001468  -0.003870   0.000487
  0.078980  -0.058237  -0.017715
  0.087515   0.065839   0.011068
  0.003379   0.001127   0.003351
  0.000913  -0.000040  -0.001306
 -0.002775  -0.001551  -0.003928
    5    2  0.0000  0.0150  0.0000
 -0.000079   0.003544  -0.000780
  0.000138   0.002157  -0.000743
  0.001654   0.080273   0.021202
  0.000185   0.015850   0.000537
 -0.007985  -0.289900  -0.046711
 -0.000303  -0.020962  -0.001746
 -0.000380   0.076703  -0.001451
 -0.000063   0.002048   0.000767
 -0.001235  -0.007220   0.001711
  0.001242  -0.006950   0.001406
 -0.058645   0.069378   0.011248
  0.065190   0.074699   0.011242
 -0.002069  -0.001981  -0.000364
  0.000341   0.000460  -0.000455
  0.002008   0.001900   0.004137
    5    3  0.0000  0.0000  0.0150
 -0.000127   0.001028  -0.000009
  0.000226  -0.000129  -0.002557
  0.001850   0.021632  -0.005734
 -0.000301  -0.000038   0.008252
  0.007230  -0.048532  -0.052775
 -0.000740  -0.001651   0.001091
  0.000133   0.005597   0.018193
  0.000138  -0.000158   0.001846
 -0.002006  -0.002896  -0.003720
  0.001950  -0.002755  -0.003647
 -0.019403   0.015269   0.018479
  0.011862   0.010187   0.016340
  0.000866   0.001687   0.001938
 -0.000279  -0.000309   0.000812
 -0.001400   0.001067   0.001490
    6    1  0.0150  0.0000  0.0000
 -0.002145  -0.000355  -0.000094
  0.003700  -0.000278   0.000211
  0.011116   0.000086   0.000779
 -0.015510   0.001230  -0.000354
  0.029576  -0.000697   0.000137
 -0.192145  -0.000857  -0.007490
 -0.005982   0.000046  -0.000176
  0.009965  -0.000040  -0.000251
  0.001555  -0.003460  -0.000720
  0.001383   0.003395   0.000671
  0.079712   0.052678   0.000458
  0.080035  -0.052173   0.005440
 -0.003224  -0.002020  -0.005358
 -0.000978   0.000095   0.001664
  0.002942   0.002348   0.005083
    6    2  0.0000  0.0150  0.0000
  0.000273   0.001836   0.000105
 -0.000260   0.004326  -0.000028
 -0.002553   0.017204   0.000013
  0.002244   0.091339  -0.015336
 -0.002127  -0.021087  -0.000335
  0.001819  -0.309146   0.018770
  0.000263   0.001485  -0.000299
 -0.000667   0.081818   0.007063
  0.001214  -0.006871  -0.001082
 -0.001244  -0.007238  -0.001198
  0.061104   0.072874  -0.003842
 -0.060704   0.073967  -0.004939
 -0.002071  -0.002725  -0.002223
  0.000453   0.000680  -0.000775
  0.002257   0.001539   0.004108
    6    3  0.0000  0.0000  0.0150
 -0.000293   0.001038  -0.002441
  0.000217   0.000217  -0.000269
 -0.000103   0.000172   0.008982
 -0.000936  -0.015609  -0.009604
  0.000078  -0.001941   0.000877
 -0.008441   0.017823  -0.042364
 -0.000205  -0.000084   0.001959
 -0.000020   0.001330   0.018996
 -0.001661   0.000550  -0.004036
  0.001732   0.000827  -0.003993
  0.000024  -0.000353   0.014108
  0.008229  -0.006302   0.015712
  0.000693   0.001876   0.002204
 -0.000212  -0.000372   0.000716
  0.000897   0.000829  -0.000848
    7    1  0.0150  0.0000  0.0000
 -0.023509  -0.000427   0.000389
  0.019853  -0.000238   0.000102
  0.004161   0.000213  -0.000221
 -0.003177   0.000341  -0.000277
  0.009566  -0.000467   0.000074
 -0.006022   0.000005  -0.000165
 -0.207667   0.001287   0.002721
  0.037836   0.000118  -0.000090
  0.082272   0.058731  -0.008612
  0.083725  -0.059592   0.005939
  0.001330  -0.004206  -0.000960
  0.001579   0.004115   0.000898
 -0.000133  -0.000076   0.000094
  0.000018   0.000102  -0.000074
  0.000168   0.000093   0.000182
    7    2  0.0000  0.0150  0.0000
 -0.000102   0.091031  -0.015228
 -0.000443   0.017669  -0.000080
 -0.000025   0.005378   0.000716
 -0.000006   0.003352   0.000356
  0.000125   0.076109   0.005980
 -0.000134   0.001241   0.000048
  0.001136  -0.304530   0.024054
 -0.000325  -0.023698  -0.000103
  0.063740   0.074392  -0.007036
 -0.063915   0.073970  -0.005938
  0.001001  -0.007142  -0.001633
 -0.001153  -0.007285  -0.001094
 -0.000446  -0.001001  -0.000893
  0.000159   0.000317  -0.000426
  0.000387   0.000197   0.001276
    7    3  0.0000  0.0000  0.0150
  0.000479  -0.014890  -0.010083
 -0.000112   0.000049   0.009142
 -0.000251   0.000365  -0.000038
  0.000211   0.000728  -0.002949
  0.000191  -0.001114   0.018109
 -0.000028  -0.000044   0.001984
  0.002716   0.023479  -0.041607
 -0.000210  -0.000688   0.000407
 -0.008215  -0.006285   0.015654
  0.005481  -0.004421   0.015201
 -0.002606   0.002066  -0.002811
  0.002293   0.001197  -0.003052
  0.000048  -0.000178  -0.000354
  0.000006   0.000052   0.000108
 -0.000003  -0.000317   0.000290
    8    1  0.0150  0.0000  0.0000
  0.022233   0.000097  -0.000029
 -0.027669   0.000206  -0.000415
 -0.002910   0.000123   0.000319
  0.003466   0.000009   0.000197
 -0.005903  -0.000044   0.000046
  0.008754  -0.000521  -0.000037
  0.041300  -0.000027  -0.000146
 -0.213261   0.000269  -0.002843
  0.085592  -0.060825  -0.007465
  0.085903   0.060568   0.010362
  0.001445   0.004244  -0.000013
  0.001199  -0.004005   0.000001
  0.000018   0.000185  -0.000106
 -0.000008  -0.000157   0.000174
 -0.000159  -0.000123  -0.000047
    8    2  0.0000  0.0150  0.0000
  0.000890   0.017474  -0.000176
 -0.001260   0.094257   0.014546
 -0.000063   0.002909   0.000113
 -0.000096   0.005357  -0.000816
  0.000118   0.001020  -0.000101
 -0.000436   0.080854   0.001483
  0.001578  -0.023988  -0.000711
 -0.001508  -0.313153  -0.034443
 -0.064036   0.073327   0.007910
  0.065276   0.076303   0.009313
 -0.001052  -0.006825   0.001556
  0.000683  -0.007218   0.001719
 -0.000378  -0.000533  -0.000852
  0.000006   0.000225  -0.000353
  0.000278  -0.000010   0.000812
    8    3  0.0000  0.0000  0.0150
  0.000208  -0.000686   0.009213
 -0.000466   0.014997  -0.009905
 -0.000031  -0.000275  -0.002841
  0.000061   0.000363   0.000077
 -0.000036   0.000398   0.001904
 -0.000161   0.006808   0.019050
  0.000138  -0.000714   0.000609
 -0.002944  -0.035169  -0.041866
 -0.010168   0.008658   0.014964
  0.013156   0.010874   0.015364
 -0.001566  -0.001883  -0.003435
  0.001984  -0.002625  -0.003840
  0.000109  -0.000114   0.000107
 -0.000084  -0.000137   0.000316
 -0.000198  -0.000496   0.000285
    9    1  0.0150  0.0000  0.0000
  0.083412  -0.063210   0.007612
  0.084227   0.063133   0.007697
  0.001720   0.001781   0.000685
  0.001343  -0.000750   0.001942
  0.001507  -0.001038  -0.002178
  0.001543   0.001215  -0.001662
  0.082845   0.063329  -0.008983
  0.085451  -0.063343  -0.007844
 -0.448939  -0.000510   0.001459
  0.104775  -0.000434  -0.000052
 -0.003162   0.000026   0.000185
  0.004928   0.000027   0.000164
 -0.000201  -0.000574   0.000839
  0.000235   0.000068  -0.000034
  0.000313   0.000280   0.000172
    9    2  0.0000  0.0150  0.0000
 -0.058616   0.074512  -0.006835
  0.059685   0.075314   0.005920
 -0.004296  -0.008795   0.000345
  0.003862  -0.008130   0.002366
  0.003898  -0.006848  -0.002804
 -0.003959  -0.006806   0.000397
  0.059323   0.074612  -0.006690
 -0.060346   0.074060   0.007306
 -0.001992  -0.270365   0.001576
  0.001698  -0.034541  -0.000145
  0.000139   0.015283  -0.000250
  0.000246   0.020317   0.000056
  0.000852   0.001708  -0.001049
 -0.000153  -0.000200   0.000513
 -0.000339  -0.000122  -0.000704
    9    3  0.0000  0.0000  0.0150
  0.007340  -0.007373   0.016325
  0.007502   0.006052   0.015888
  0.000735   0.000379  -0.003279
  0.000264  -0.001600  -0.003895
 -0.000449   0.001869  -0.003797
 -0.000764  -0.000886  -0.004103
 -0.008411  -0.006715   0.016294
 -0.007532   0.008106   0.016218
  0.001587  -0.000126  -0.032791
 -0.000208  -0.000915  -0.021574
  0.000054   0.000338   0.003206
 -0.000137   0.000056   0.001791
  0.000036   0.000451  -0.000589
 -0.000079   0.000318   0.000032
  0.000060   0.000045   0.000272
   10    1  0.0150  0.0000  0.0000
  0.081724   0.062540  -0.010286
  0.084122  -0.063072  -0.004744
  0.001473  -0.001578  -0.000597
  0.001370   0.000882  -0.001767
  0.001555   0.001150   0.002180
  0.001280  -0.001138   0.001726
  0.083718  -0.063916   0.006286
  0.085623   0.063423   0.010982
  0.105855   0.000861  -0.000654
 -0.448442   0.000393  -0.002325
  0.004896  -0.000022  -0.000088
 -0.003276   0.000020  -0.000119
  0.000337   0.000620  -0.000787
 -0.000076   0.000035   0.000187
 -0.000160  -0.000197   0.000005
   10    2  0.0000  0.0150  0.0000
  0.058286   0.074913  -0.008808
 -0.059496   0.074150   0.003860
  0.004386  -0.008932   0.000362
 -0.004086  -0.007960   0.002209
 -0.004217  -0.006729  -0.002608
  0.004135  -0.007140   0.000749
 -0.059789   0.074251  -0.004627
  0.060367   0.075229   0.009646
  0.000436  -0.034968  -0.000059
 -0.001019  -0.269662   0.000834
  0.000531   0.019874   0.000180
  0.000218   0.015620  -0.000465
  0.000723   0.001583  -0.001185
 -0.000215  -0.000047   0.000423
 -0.000261  -0.000182  -0.000513
   10    3  0.0000  0.0000  0.0150
 -0.010221  -0.008239   0.016679
 -0.004546   0.005285   0.015726
 -0.000960   0.000503  -0.003326
 -0.000264  -0.001556  -0.003737
  0.000345   0.001654  -0.003738
  0.000819  -0.000969  -0.004065
  0.005563  -0.005784   0.015946
  0.010582   0.008958   0.016509
  0.000119  -0.001040  -0.021580
 -0.001403   0.000226  -0.033245
 -0.000006   0.000051   0.001740
 -0.000165   0.000267   0.003312
  0.000195   0.000552  -0.000595
 -0.000048   0.000065   0.000193
 -0.000009   0.000028   0.000182
   11    1  0.0150  0.0000  0.0000
  0.001638  -0.001055   0.001682
  0.001600   0.001283   0.002384
  0.072314   0.053204   0.005878
  0.078984  -0.056547   0.014580
  0.078338  -0.060250  -0.017929
  0.086811   0.062689  -0.000838
  0.001457   0.001280  -0.002665
  0.001665  -0.001110  -0.001683
 -0.003168   0.000172  -0.000114
  0.004978   0.000498  -0.000438
 -0.429917  -0.003987  -0.006646
  0.099802   0.001692   0.001498
  0.000324   0.002890   0.006674
  0.001019   0.000319  -0.000150
  0.004155  -0.001080  -0.002233
   11    2  0.0000  0.0150  0.0000
  0.004382  -0.006212   0.002141
 -0.003838  -0.007383  -0.002178
  0.050771   0.062785   0.003786
 -0.054512   0.069088  -0.012542
 -0.056707   0.070034   0.014004
  0.062398   0.073791  -0.000722
 -0.004173  -0.007163   0.001892
  0.004339  -0.007092  -0.001862
  0.000016   0.015334  -0.000022
  0.000030   0.019995  -0.000294
 -0.004561  -0.256528  -0.010025
 -0.001466  -0.030453   0.000670
  0.002967  -0.001686   0.006040
  0.000180  -0.000304  -0.001344
  0.000174   0.005793   0.000455
   11    3  0.0000  0.0000  0.0150
  0.000180  -0.000902  -0.002753
  0.000805   0.001191  -0.004142
  0.007747   0.007429   0.019648
  0.013575  -0.008743   0.018449
 -0.017421   0.011649   0.019189
  0.000458  -0.003829   0.014609
 -0.000882  -0.001535  -0.002972
  0.000061   0.001593  -0.003561
  0.000335   0.000002   0.003235
 -0.000171   0.000518   0.001773
 -0.006996  -0.011622  -0.044399
 -0.001789  -0.000416  -0.021476
  0.008768   0.010076   0.013639
  0.001078  -0.000230  -0.000274
 -0.005750  -0.005182  -0.010965
   12    1  0.0150  0.0000  0.0000
  0.001532   0.001155  -0.001887
  0.001664  -0.001456  -0.001842
  0.076627  -0.057432  -0.014989
  0.085590   0.061982  -0.007788
  0.086598   0.065894   0.010633
  0.087385  -0.062274   0.009154
  0.001664  -0.001246   0.002355
  0.001390   0.001162   0.002109
  0.004967   0.000210  -0.000055
 -0.003186   0.000233  -0.000096
  0.099175  -0.002333  -0.002530
 -0.446349  -0.005842   0.004777
  0.001406   0.000403   0.002498
  0.000709   0.000918  -0.001228
  0.000828  -0.001374  -0.001111
   12    2  0.0000  0.0150  0.0000
 -0.004037  -0.006816   0.002677
  0.004249  -0.007447  -0.000927
 -0.055821   0.069649   0.010129
  0.060261   0.073576  -0.006941
  0.064905   0.075389   0.009554
 -0.062692   0.074874  -0.006603
  0.004456  -0.007270   0.001096
 -0.003939  -0.007330  -0.002429
  0.000144   0.020326  -0.000234
  0.000123   0.015567   0.000036
  0.002683  -0.030358   0.000335
 -0.007577  -0.271494  -0.010134
 -0.003041   0.001507   0.001165
 -0.000474  -0.000735   0.001245
  0.000758   0.000563   0.001032
   12    3  0.0000  0.0000  0.0150
 -0.000117  -0.000755  -0.002518
 -0.000703   0.001191  -0.003982
 -0.015435   0.008966   0.019078
 -0.006634  -0.008130   0.017321
  0.011118   0.011314   0.017303
  0.007677  -0.005228   0.015833
  0.001006  -0.001135  -0.003033
  0.000011   0.001734  -0.003775
  0.000195   0.000370   0.001899
 -0.000236  -0.000284   0.003422
  0.001598   0.000063  -0.021140
  0.004318  -0.011030  -0.042081
 -0.002676   0.002366  -0.002087
 -0.001555  -0.001175   0.002601
  0.001433   0.001732   0.001157
   13    1  0.0150  0.0000  0.0000
 -0.000399  -0.001225  -0.000563
  0.000085   0.000416  -0.000024
  0.001759   0.001709   0.009221
 -0.001256   0.002434   0.000791
  0.003610  -0.002219   0.000768
 -0.003266  -0.002300   0.000647
 -0.000000  -0.000526  -0.000090
  0.000013  -0.000450   0.000014
 -0.000212   0.000695   0.000066
  0.000267   0.000497   0.000124
  0.000568   0.003178   0.009525
  0.001245  -0.003036  -0.003232
 -0.357120   0.082074  -0.057541
  0.218967  -0.151518  -0.027225
  0.135741   0.070270   0.067518
   13    2  0.0000  0.0150  0.0000
  0.000037  -0.003021  -0.003499
  0.000098   0.000380  -0.000232
 -0.001433   0.009428  -0.000458
 -0.003026   0.003703   0.000866
  0.001505  -0.001796   0.001601
 -0.001639  -0.002462   0.001619
 -0.000099  -0.000898  -0.000282
  0.000197  -0.000489   0.000023
 -0.000591   0.001837   0.000365
  0.000685   0.001806   0.000527
  0.002741  -0.002073   0.009851
  0.000200   0.001401   0.002100
  0.081116  -0.264054  -0.123997
 -0.176749   0.158265   0.037373
  0.096958   0.097972   0.074142
   13    3  0.0000  0.0000  0.0150
 -0.000063   0.002603   0.005469
  0.000075   0.000488  -0.000070
  0.003164  -0.008741   0.007397
 -0.003931   0.002576   0.001801
  0.003932  -0.000412   0.001630
 -0.004601  -0.001852   0.002137
  0.000046  -0.000885  -0.000526
 -0.000116  -0.000837  -0.000160
  0.000914  -0.000926  -0.000584
 -0.000857  -0.001087  -0.000534
  0.006411   0.005597   0.012478
  0.002278   0.001324  -0.002819
 -0.058359  -0.125139  -0.116280
 -0.044049   0.047057   0.020783
  0.095155   0.080234   0.069277
   14    1  0.0150  0.0000  0.0000
  0.000021   0.000837   0.000201
  0.000021  -0.000282  -0.000079
  0.001943  -0.001491  -0.001059
 -0.001198  -0.000505  -0.000048
  0.001366   0.000194  -0.000416
 -0.001375   0.000457  -0.000267
  0.000053   0.000256   0.000055
  0.000013   0.000140  -0.000016
  0.000169  -0.000357  -0.000036
 -0.000026  -0.000386  -0.000011
  0.000809   0.000218   0.001014
  0.000723  -0.000558  -0.001580
  0.217985  -0.175740  -0.042908
 -0.208523   0.163774   0.040724
 -0.011980   0.013442   0.004425
   14    2  0.0000  0.0150  0.0000
  0.000096   0.000112  -0.000353
 -0.000066  -0.000066  -0.000106
  0.001176  -0.001227   0.002309
  0.000152  -0.000565   0.000257
 -0.000247   0.000338  -0.000055
  0.000113   0.000536  -0.000271
  0.000147   0.000254   0.000042
 -0.000117   0.000306   0.000039
  0.000032  -0.000234   0.000193
 -0.000051  -0.000075   0.000008
  0.000341  -0.000354  -0.000181
  0.000849  -0.000687  -0.001095
 -0.150364   0.157283   0.046044
  0.163357  -0.171796  -0.052375
 -0.015418   0.016176   0.005543
   14    3  0.0000  0.0000  0.0150
 -0.000066  -0.000809   0.000078
  0.000021  -0.000090  -0.000016
 -0.002282   0.004189  -0.003183
  0.000570   0.001407   0.000337
 -0.001101  -0.000477   0.000560
  0.001217  -0.000817   0.000641
 -0.000104  -0.000370  -0.000115
  0.000099  -0.000212  -0.000051
 -0.000075   0.000643  -0.000052
  0.000043   0.000507   0.000057
 -0.000021  -0.001112   0.000013
 -0.001449   0.001240   0.002682
 -0.027250   0.036833   0.020704
  0.041256  -0.053547  -0.027020
 -0.010857   0.012615   0.005366
   15    1  0.0150  0.0000  0.0000
  0.000171   0.000592   0.000391
  0.000008  -0.000427   0.000085
 -0.000239   0.000131  -0.012444
  0.002119  -0.001900   0.000527
 -0.002541   0.001769  -0.001541
  0.002020   0.002001   0.000751
  0.000292   0.000163   0.000021
 -0.000050   0.000172  -0.000208
  0.000345  -0.000576   0.000094
 -0.000153  -0.000487   0.000023
  0.004137   0.000336  -0.005513
  0.000843   0.000498   0.001479
  0.135271   0.098035   0.095579
 -0.011604  -0.015917  -0.011258
 -0.130620  -0.084389  -0.067988
   15    2  0.0000  0.0150  0.0000
  0.000004   0.000394   0.000550
 -0.000206  -0.000125   0.000344
  0.000569  -0.000701  -0.012134
  0.002935  -0.001357  -0.001245
 -0.001518   0.001776   0.001052
  0.001776   0.001362   0.000686
  0.000061   0.000099  -0.000257
 -0.000158   0.000034  -0.000286
  0.000244  -0.000207  -0.000030
 -0.000311  -0.000258  -0.000014
 -0.001119   0.005461  -0.005352
 -0.001481   0.000366   0.001848
  0.070536   0.098280   0.080589
  0.013316   0.016723   0.012011
 -0.084646  -0.121845  -0.077762
   15    3  0.0000  0.0000  0.0150
  0.000232   0.000807  -0.000165
 -0.000110  -0.000695   0.000252
 -0.005894  -0.007583  -0.001216
  0.004728  -0.004278  -0.000690
 -0.004388   0.003880   0.001043
  0.004510   0.003687  -0.001001
  0.000095   0.000981   0.000243
 -0.000084   0.000745  -0.000044
  0.000117  -0.000700   0.000302
 -0.000155  -0.000622   0.000222
 -0.002258   0.000648  -0.010948
 -0.001183   0.001036   0.001202
  0.067008   0.074048   0.068833
  0.005072   0.005723   0.005188
 -0.067690  -0.077679  -0.063222
