0	0.000000	0.000000	0.001355
0.05	0.02519775	-3.8494891929375e-05	0.00166549066635414
0.1	0.0503955	-8.2172804535e-05	0.00176638757835521
0.15	0.07559325	-0.000125752446793125	0.00165769073600322
0.2	0.100791	-0.00016395252768	0.00133940013929815
0.25	0.12598875	-0.000191491756171875	0.000811515788240022
0.3	0.1511865	-0.000203088841245	7.4037682828825e-05
0.35	0.17638425	-0.000193462491875625	-0.000873034176935438
0.4	0.201582	-0.00015733141704	-0.00202969979105277
0.45	0.22677975	-8.9414325714375e-05	-0.00339595915952317
0.5	0.2519775	1.55700731249998e-05	-0.00497181228234664
0.55	0.27717525	0.000162903070501875	-0.00675725915952317
0.6	0.302373	0.00035786595744	-0.00875229979105277
0.65	0.32757075	0.000605740024963125	-0.0109569341769354
0.7	0.3527685	0.000911806564094999	-0.0133711623171712
0.75	0.37796625	0.00128134686585937	-0.01599498421176
0.8	0.403164	0.00171964222128	-0.0188283998607019
0.85	0.42836175	0.00223197392138062	-0.0218714092639968
0.9	0.4535595	0.002823623257185	-0.0251240124216448
0.95	0.47875725	0.00349987151971687	-0.0285862093336459
1	0.503955	0.004266	-0.032258
1.05	0.52918145	0.005328393859325	-0.0512307324883208
1.1	0.5544079	0.00681341225722	-0.0657644615568184
1.15	0.57963435	0.008609074895865	-0.0758591872054926
1.2	0.6048608	0.01060340147744	-0.0815149094343437
1.25	0.63008725	0.012684411704125	-0.0827316282433715
1.3	0.6553137	0.0147401252781	-0.0795093436325761
1.35	0.68054015	0.016658561901545	-0.0718480556019575
1.4	0.7057666	0.01832774127664	-0.0597477641515155
1.45	0.73099305	0.019635683105565	-0.0432084692812504
1.5	0.7562195	0.0204704070905	-0.022230170991162
1.55	0.78144595	0.020719932933625	0.00318713071874964
1.6	0.8066724	0.02027228033712	0.0330434358484845
1.65	0.83189885	0.019015469003165	0.0673387443980426
1.7	0.8571253	0.01683751863394	0.106073056367424
1.75	0.88235175	0.013626448931625	0.149246371756629
1.8	0.9075782	0.00927027959839998	0.196858690565656
1.85	0.93280465	0.003657030336445	0.248910012794507
1.9	0.9580311	-0.00332527915206002	0.305400338443182
1.95	0.98325755	-0.011788629164935	0.366329667511679
2	1.008484	-0.021845	0.431698
2.05	1.0339738	-0.0355717631649425	0.642833377048761
2.1	1.0594636	-0.05448851555822	0.838918867039757
2.15	1.0849534	-0.0782116385687075	1.01995446997299
2.2	1.1104432	-0.10635751358528	1.18594018584846
2.25	1.135933	-0.138542521996812	1.33687601466616
2.3	1.1614228	-0.17438304519218	1.4727619564261
2.35	1.1869126	-0.213495464560257	1.59359801112827
2.4	1.2124024	-0.25549616148992	1.69938417877269
2.45	1.2378922	-0.300001517370043	1.79012045935933
2.5	1.263382	-0.3466279135895	1.86580685288821
2.55	1.2888718	-0.394991731537168	1.92644335935933
2.6	1.3143616	-0.44470935260192	1.97202997877268
2.65	1.3398514	-0.495397158172633	2.00256671112827
2.7	1.3653412	-0.54667152963818	2.0180535564261
2.75	1.390831	-0.598148848387437	2.01849051466616
2.8	1.4163208	-0.64944549580928	2.00387758584846
2.85	1.4418106	-0.700177853292582	1.97421476997299
2.9	1.4673004	-0.74996230222622	1.92950206703976
2.95	1.4927902	-0.798415223999068	1.86973947704876
3	1.518280	-0.845153	1.794927
3.05	1.54418105	-0.889562965006717	1.63577858209074
3.1	1.5700821	-0.929967659294477	1.4856522239614
3.15	1.59598315	-0.966600763684742	1.34454792561199
3.2	1.6218842	-0.999695958998976	1.21246568704249
3.25	1.64778525	-1.02948692605864	1.08940550825292
3.3	1.6736863	-1.0562073456852	0.975367389243274
3.35	1.69958735	-1.08009089870011	0.870351330013547
3.4	1.7254884	-1.10137126592485	0.774357330563742
3.45	1.75138945	-1.12028212818086	0.687385390893859
3.5	1.7772905	-1.13705716628962	0.609435511003898
3.55	1.80319155	-1.15193006107259	0.540507690893859
3.6	1.8290926	-1.16513449335123	0.480601930563742
3.65	1.85499365	-1.176904143947	0.429718230013547
3.7	1.8808947	-1.18747269368137	0.387856589243274
3.75	1.90679575	-1.1970738233758	0.355017008252924
3.8	1.9326968	-1.20594121385174	0.331199487042495
3.85	1.95859785	-1.21430854593068	0.316404025611988
3.9	1.9844989	-1.22240950043405	0.310630623961403
3.95	2.01039995	-1.23047775818334	0.313879282090741
4	2.036301	-1.238747	0.326150
4.05	2.0624511	-1.24695179201011	0.30164174585709
4.1	2.0886012	-1.2545373894629	0.278793044781856
4.15	2.1147513	-1.26154718983704	0.257603896774295
4.2	2.1409014	-1.2680245906112	0.23807430183441
4.25	2.1670515	-1.27401298926406	0.220204259962199
4.3	2.1932016	-1.2795557832743	0.203993771157663
4.35	2.2193517	-1.28469637012059	0.189442835420802
4.4	2.2455018	-1.2894781472816	0.176551452751615
4.45	2.2716519	-1.29394451223601	0.165319623150103
4.5	2.297802	-1.2981388624625	0.155747346616266
4.55	2.3239521	-1.30210459543974	0.147834623150103
4.6	2.3501022	-1.3058851086464	0.141581452751615
4.65	2.3762523	-1.30952379956116	0.136987835420802
4.7	2.4024024	-1.3130640656627	0.134053771157663
4.75	2.4285525	-1.31654930442969	0.132779259962199
4.8	2.4547026	-1.3200229133408	0.13316430183441
4.85	2.4808527	-1.32352828987471	0.135208896774295
4.9	2.5070028	-1.3271088315101	0.138913044781856
4.95	2.5331529	-1.33080793572564	0.14427674585709
5	2.559303	-1.334669	0.151300
5.05	2.5854292	-1.33858982056783	0.148909711579449
5.1	2.6115554	-1.34245328547535	0.146909337729482
5.15	2.6376816	-1.34626958170862	0.1452988784501
5.2	2.6638078	-1.3500488962537	0.144078333741302
5.25	2.689934	-1.35380141609663	0.143247703603088
5.3	2.7160602	-1.35753732822346	0.142806988035459
5.35	2.7421864	-1.36126681962027	0.142756187038413
5.4	2.7683126	-1.36500007727309	0.143095300611953
5.45	2.7944388	-1.36874728816798	0.143824328756076
5.5	2.820565	-1.372518639291	0.144943271470784
5.55	2.8466912	-1.3763243176282	0.146452128756076
5.6	2.8728174	-1.38017451016563	0.148350900611953
5.65	2.8989436	-1.38407940388935	0.150639587038413
5.7	2.9250698	-1.38804918578542	0.153318188035459
5.75	2.951196	-1.39209404283988	0.156386703603088
5.8	2.9773222	-1.39622416203878	0.159845133741302
5.85	3.0034484	-1.4004497303682	0.1636934784501
5.9	3.0295746	-1.40478093481417	0.167931737729482
5.95	3.0557008	-1.40922796236275	0.172559911579449
6	3.081827	-1.413801	0.177578
6.05	3.10785215	-1.41847465251439	0.181573248968536
6.1	3.1338773	-1.42325126227742	0.185490134887753
6.15	3.15990245	-1.42812878987897	0.18932865775765
6.2	3.1859276	-1.43310519590893	0.193088817578227
6.25	3.21195275	-1.43817844095719	0.196770614349485
6.3	3.2379779	-1.44334648561363	0.200374048071423
6.35	3.26400305	-1.44860729046815	0.203899118744042
6.4	3.2900282	-1.45395881611062	0.207345826367341
6.45	3.31605335	-1.45939902313095	0.21071417094132
6.5	3.3420785	-1.464925872119	0.21400415246598
6.55	3.36810365	-1.47053732366467	0.21721577094132
6.6	3.3941288	-1.47623133835786	0.220349026367341
6.65	3.42015395	-1.48200587678843	0.223403918744042
6.7	3.4461791	-1.48785889954629	0.226380448071423
6.75	3.47220425	-1.49378836722131	0.229278614349485
6.8	3.4982294	-1.49979224040339	0.232098417578227
6.85	3.52425455	-1.50586847968241	0.23483985775765
6.9	3.5502797	-1.51201504564826	0.237502934887753
6.95	3.57630485	-1.51822989889083	0.240087648968536
7	3.602330	-1.524511	0.242594
7.05	3.62826795	-1.53080119548882	0.242347657984175
7.1	3.6542059	-1.53707900587096	0.241639020391068
7.15	3.68014385	-1.54333244014687	0.24046808722068
7.2	3.7060818	-1.54954950731696	0.23883485847301
7.25	3.73201975	-1.55571821638167	0.236739334148059
7.3	3.7579577	-1.56182657634143	0.234181514245826
7.35	3.78389565	-1.56786259619668	0.231161398766311
7.4	3.8098336	-1.57381428494784	0.227678987709515
7.45	3.83577155	-1.57966965159534	0.223734281075437
7.5	3.8617095	-1.58541670513963	0.219327278864078
7.55	3.88764745	-1.59104345458111	0.214457981075437
7.6	3.9135854	-1.59653790892024	0.209126387709515
7.65	3.93952335	-1.60188807715744	0.203332498766311
7.7	3.9654613	-1.60708196829313	0.197076314245826
7.75	3.99139925	-1.61210759132777	0.190357834148059
7.8	4.0173372	-1.61695295526176	0.18317705847301
7.85	4.04327515	-1.62160606909555	0.17553398722068
7.9	4.0692131	-1.62605494182957	0.167428620391068
7.95	4.09515105	-1.63028758246424	0.158860957984175
8	4.121089	-1.634292	0.149831
8.05	4.14699185	-1.63804690190477	0.140130992393902
8.1	4.1728947	-1.64155366052294	0.130671464535813
8.15	4.19879755	-1.64481850496535	0.121452416425736
8.2	4.2247004	-1.64784766434285	0.112473848063668
8.25	4.25060325	-1.65064736776627	0.103735759449611
8.3	4.2765061	-1.65322384434645	0.0952381505835647
8.35	4.30240895	-1.65558332319423	0.0869810214655284
8.4	4.3283118	-1.65773203342046	0.0789643720955025
8.45	4.35421465	-1.65967620413598	0.071188202473487
8.5	4.3801175	-1.66142206445163	0.0636525125994818
8.55	4.40602035	-1.66297584347824	0.0563573024734869
8.6	4.4319232	-1.66434377032666	0.0493025720955025
8.65	4.45782605	-1.66553207410772	0.0424883214655284
8.7	4.4837289	-1.66654698393228	0.0359145505835647
8.75	4.50963175	-1.66739472891117	0.0295812594496113
8.8	4.5355346	-1.66808153815523	0.0234884480636683
8.85	4.56143745	-1.6686136407753	0.0176361164257357
8.9	4.5873403	-1.66899726588223	0.0120242645358134
8.95	4.61324315	-1.66923864258685	0.00665289239390154
9	4.639146	-1.669344	0.001522