    4   15   45
  26.982  12.011  16.000   1.000
    1    1  0.0150  0.0000  0.0000
 -0.191929   0.003298  -0.013475
  0.036304  -0.000362  -0.000120
  0.009386   0.000039  -0.000658
 -0.004880   0.000051  -0.000055
  0.003545  -0.000206   0.000160
 -0.002713  -0.000128  -0.000126
 -0.022268   0.001675  -0.001247
  0.017295  -0.000306  -0.000202
  0.073184  -0.051804   0.014831
  0.065062   0.043699  -0.007276
  0.001294   0.004348   0.001341
  0.001713  -0.004556  -0.001037
  0.015886   0.000311   0.003892
  0.002144   0.006614   0.013715
 -0.004024  -0.002674  -0.009743
    1    2  0.0000  0.0150  0.0000
  0.002111  -0.279174   0.012665
  0.000838  -0.024650  -0.000388
 -0.000649   0.078562   0.009154
  0.000091   0.002010   0.000069
 -0.000051   0.005866  -0.000552
  0.000076   0.002959  -0.000098
 -0.001292   0.076437  -0.023942
  0.000751   0.017757   0.000532
 -0.054936   0.065822  -0.009070
  0.048802   0.058405  -0.006527
 -0.001961  -0.009680  -0.000526
  0.001867  -0.009524  -0.000323
 -0.003344   0.011894  -0.004204
  0.006242   0.001793   0.014755
  0.001453   0.001525   0.008455
    1    3  0.0000  0.0000  0.0150
 -0.013430   0.011344  -0.096828
  0.000919  -0.001375   0.000822
 -0.000642   0.009711   0.017458
 -0.000125   0.000183   0.001395
 -0.000039   0.000033  -0.000429
 -0.000177   0.000335  -0.003504
 -0.000988  -0.022706  -0.004070
  0.000191   0.001009   0.008822
  0.014731  -0.011192   0.022792
 -0.010406  -0.007686   0.025122
  0.000804  -0.000477  -0.003390
 -0.000960  -0.000273  -0.003233
 -0.010347  -0.004657   0.021043
  0.026090   0.021377   0.003372
 -0.005622   0.004374   0.010627
    2    1  0.0150  0.0000  0.0000
  0.038071  -0.000013   0.001408
 -0.201886  -0.005283   0.003608
 -0.005515   0.000227   0.000060
  0.007803   0.000479   0.000238
 -0.002826   0.000212  -0.000025
  0.003334   0.000104   0.000165
  0.022298  -0.000168   0.000385
 -0.028287   0.000132   0.000867
  0.085171   0.059575   0.009012
  0.079125  -0.054380  -0.014577
  0.001323  -0.004018   0.000169
  0.001192   0.003850  -0.000189
 -0.004557  -0.004368   0.000425
  0.003948   0.003663  -0.003632
  0.000806  -0.000013   0.002085
    2    2  0.0000  0.0150  0.0000
  0.000617  -0.024891  -0.000692
 -0.007125  -0.300994  -0.037994
  0.000221   0.003183  -0.000030
 -0.000361   0.077570   0.001374
  0.000182   0.003641  -0.001079
 -0.000179   0.005341  -0.000820
 -0.000022   0.016660  -0.000148
  0.000493   0.093098   0.015979
  0.063048   0.073760   0.010278
 -0.056879   0.067056   0.009928
  0.000337  -0.007935   0.001673
 -0.000417  -0.007914   0.001737
  0.001235   0.004439  -0.005249
 -0.001976  -0.002539   0.003855
  0.000825  -0.000475   0.001188
    2    3  0.0000  0.0000  0.0150
 -0.000197  -0.000929   0.001394
  0.003651  -0.038680  -0.048653
  0.000135   0.000456   0.001695
  0.000101   0.006902   0.019618
  0.000220  -0.000335  -0.002714
 -0.000089   0.000600   0.000063
 -0.000217  -0.000460   0.008239
  0.000803   0.015099  -0.009143
  0.011731   0.010037   0.016738
 -0.014769   0.012739   0.017957
  0.002000  -0.002805  -0.003802
 -0.001922  -0.002977  -0.003852
 -0.000674  -0.001135   0.001979
 -0.001465   0.001533   0.000363
  0.000692  -0.000045   0.000119
    3    1  0.0150  0.0000  0.0000
  0.009644  -0.000364  -0.000552
 -0.005341   0.000123   0.000106
 -0.202448   0.000392  -0.001427
  0.039067   0.000012  -0.000172
 -0.024715  -0.000148  -0.000195
  0.020178  -0.000144  -0.000026
  0.003235  -0.000246   0.000111
 -0.002518  -0.000010   0.000244
  0.001480  -0.004016   0.000208
  0.001285   0.004243   0.000021
  0.080451   0.056218   0.011795
  0.080634  -0.056337  -0.010374
 -0.001076   0.000151   0.000255
  0.000052  -0.000150  -0.000357
  0.000071   0.000276   0.000362
    3    2  0.0000  0.0150  0.0000
 -0.000310   0.078602   0.010237
  0.000080   0.003191   0.000490
 -0.000962  -0.301479  -0.045312
  0.000954  -0.023796  -0.001310
 -0.001018   0.088257   0.017661
  0.000429   0.016915   0.000826
  0.000073   0.003952  -0.001296
 -0.000190   0.001922  -0.001364
  0.000267  -0.006622   0.001087
 -0.000331  -0.005535   0.000912
  0.063224   0.075142   0.010762
 -0.061693   0.072378   0.009588
 -0.000783  -0.002377  -0.001228
  0.000657  -0.000067  -0.000896
 -0.000397  -0.000482  -0.000157
    3    3  0.0000  0.0000  0.0150
 -0.000622   0.009215   0.017585
  0.000051  -0.000013   0.001633
 -0.001336  -0.046360  -0.050032
  0.000149  -0.001672   0.000418
 -0.000269   0.018325  -0.008500
  0.000118   0.000093   0.008913
 -0.000047   0.000667  -0.000027
  0.000096  -0.000370  -0.002305
  0.001946  -0.003065  -0.002919
 -0.001897  -0.003026  -0.002813
  0.014036   0.011398   0.016061
 -0.012888   0.010646   0.015971
  0.000933   0.003966   0.003771
 -0.000453  -0.000221   0.001339
  0.000183   0.000416   0.000905
    4    1  0.0150  0.0000  0.0000
 -0.005154   0.000067  -0.000087
  0.007804   0.000009   0.000077
  0.039808  -0.000230   0.000091
 -0.209395  -0.000195   0.001390
  0.021523   0.000046   0.000042
 -0.026514   0.000053   0.000113
 -0.002764   0.000080  -0.000040
  0.003502  -0.000146  -0.000140
  0.001577   0.003930   0.000928
  0.001534  -0.003813  -0.000937
  0.084230  -0.059434   0.004687
  0.083930   0.059743  -0.006101
  0.000109  -0.000227  -0.000142
 -0.000008  -0.000002   0.000111
 -0.000182   0.000118   0.000008
    4    2  0.0000  0.0150  0.0000
  0.000038   0.002174   0.000459
  0.000317   0.077891   0.007006
 -0.000126  -0.023457  -0.001014
 -0.000092  -0.308475   0.019164
 -0.000082   0.017249   0.000022
  0.000082   0.094228  -0.014089
  0.000263   0.002458   0.000257
 -0.000164   0.004573  -0.000326
 -0.001424  -0.007641  -0.000816
  0.001281  -0.007512  -0.000893
 -0.063232   0.074190  -0.004805
  0.063154   0.074210  -0.005218
  0.000282   0.000351  -0.000898
 -0.000394  -0.000252   0.000659
  0.000097   0.000014   0.000493
    4    3  0.0000  0.0000  0.0150
 -0.000032   0.000178   0.001728
  0.000185   0.001555   0.019598
 -0.000114  -0.001095   0.000363
  0.001432   0.018847  -0.039883
 -0.000092   0.000202   0.009173
  0.000241  -0.014242  -0.010190
  0.000272   0.000394  -0.002379
 -0.000228  -0.000147  -0.000204
  0.002111   0.001175  -0.004049
 -0.002467   0.002019  -0.003972
  0.004330  -0.003741   0.014367
 -0.005614  -0.004629   0.014370
  0.000100   0.000135   0.000180
 -0.000006  -0.000504   0.000523
 -0.000118  -0.000147   0.000375
    5    1  0.0150  0.0000  0.0000
  0.003842   0.000030  -0.000004
 -0.002637   0.000184   0.000079
 -0.025234   0.000111  -0.000191
  0.021629   0.000140  -0.000006
 -0.210981   0.000091  -0.001305
  0.039855  -0.000207   0.000050
  0.009184  -0.000284  -0.000114
 -0.005350   0.000003   0.000117
  0.001547   0.004392  -0.001256
  0.001487  -0.004264   0.001093
  0.083511  -0.059627  -0.007182
  0.083151   0.059489   0.008860
 -0.000191   0.000012  -0.000009
  0.000193  -0.000031  -0.000246
 -0.000007  -0.000039   0.000115
    5    2  0.0000  0.0150  0.0000
 -0.000193   0.005611  -0.000285
  0.000287   0.003531  -0.000160
  0.000110   0.087898   0.017576
 -0.000258   0.017293   0.000206
  0.000303  -0.297271  -0.027061
 -0.000190  -0.023010  -0.000004
  0.000048   0.072272  -0.007223
  0.000066   0.000950  -0.000051
 -0.001449  -0.007340   0.001416
  0.001369  -0.006760   0.001652
 -0.063970   0.073707   0.006924
  0.063726   0.073801   0.007442
 -0.000272  -0.001319   0.001346
  0.000760   0.000498  -0.001307
 -0.000337   0.000138  -0.000471
    5    3  0.0000  0.0000  0.0150
  0.000151  -0.000935  -0.000257
 -0.000119  -0.001279  -0.002715
 -0.000339   0.018513  -0.008459
  0.000127   0.000305   0.009089
 -0.001309  -0.028046  -0.043600
  0.000150  -0.000069   0.000849
 -0.000166   0.001064   0.018387
  0.000142   0.000242   0.002027
 -0.002489  -0.001598  -0.003122
  0.002518  -0.002402  -0.003037
 -0.009324   0.006519   0.015053
  0.010592   0.007352   0.015088
  0.000170   0.000389  -0.000465
 -0.000496   0.000031   0.000818
  0.000391  -0.000086   0.000344
    6    1  0.0150  0.0000  0.0000
 -0.002929   0.000027  -0.000125
  0.003339  -0.000087  -0.000193
  0.020956  -0.000190   0.000107
 -0.026549  -0.000013   0.000152
  0.039971   0.000012   0.000089
 -0.212692   0.000227   0.001217
 -0.005669   0.000130  -0.000170
  0.008628  -0.000394  -0.000067
  0.001282  -0.004214   0.000156
  0.001484   0.004409  -0.000060
  0.086171   0.060680  -0.009596
  0.086090  -0.060635   0.008536
  0.000018   0.000027  -0.000003
 -0.000098  -0.000089   0.000091
 -0.000002   0.000109  -0.000134
    6    2  0.0000  0.0150  0.0000
 -0.000093   0.002674   0.000159
  0.000064   0.005139   0.000895
  0.000495   0.016903   0.000205
 -0.000777   0.094624  -0.014438
  0.000830  -0.023220   0.000609
 -0.001186  -0.313763   0.035566
  0.000228   0.001212  -0.000045
 -0.000563   0.080959  -0.002208
  0.000794  -0.007217  -0.001836
 -0.000870  -0.006610  -0.001730
  0.065162   0.075562  -0.009113
 -0.064180   0.073935  -0.008304
 -0.000264  -0.000376   0.001245
  0.000467   0.000209  -0.000775
 -0.000107  -0.000032  -0.000230
    6    3  0.0000  0.0000  0.0150
 -0.000082  -0.000532  -0.002890
  0.000050  -0.000959   0.000215
 -0.000069   0.000839   0.009256
  0.000153  -0.013913  -0.010099
 -0.000015   0.000417   0.000727
  0.001217   0.035046  -0.041625
 -0.000025  -0.000445   0.002058
  0.000190  -0.007424   0.019423
 -0.002006   0.002571  -0.003688
  0.001717   0.002217  -0.003391
 -0.009268  -0.009596   0.014576
  0.007887  -0.008566   0.014458
  0.000150  -0.000160  -0.000036
  0.000170   0.000366   0.000571
 -0.000068   0.000139   0.000444
    7    1  0.0150  0.0000  0.0000
 -0.021842  -0.000425  -0.000844
  0.020501  -0.000708  -0.000079
  0.003410   0.000343  -0.000038
 -0.002763   0.000251   0.000319
  0.009288   0.000015  -0.000124
 -0.005669   0.000040  -0.000026
 -0.211218  -0.004566  -0.003528
  0.040854   0.000109  -0.000213
  0.083701   0.062069  -0.014327
  0.078553  -0.056584   0.018232
  0.001418  -0.004284  -0.000482
  0.001545   0.003521   0.000426
  0.008867   0.002281  -0.001817
 -0.005460  -0.002595   0.005072
 -0.001185   0.000532  -0.002573
    7    2  0.0000  0.0150  0.0000
  0.001605   0.076113  -0.023800
 -0.000043   0.016221  -0.000548
 -0.000105   0.003761   0.001151
  0.000256   0.002313   0.000799
 -0.000332   0.072205   0.001053
  0.000142   0.001285  -0.000672
 -0.004573  -0.279721   0.054985
 -0.000465  -0.021725   0.002137
  0.065168   0.072748  -0.014178
 -0.061382   0.069286  -0.014637
  0.000972  -0.006473  -0.001752
 -0.000897  -0.006557  -0.001902
 -0.001330  -0.002399   0.001696
  0.001898   0.002460  -0.003115
 -0.000915   0.000482  -0.001218
    7    3  0.0000  0.0000  0.0150
 -0.001485  -0.023651  -0.003636
  0.000397  -0.000182   0.008455
 -0.000004  -0.001378  -0.000026
 -0.000140  -0.000167  -0.002371
 -0.000128  -0.006783   0.018412
 -0.000086   0.000158   0.002010
 -0.003906   0.054661  -0.058331
  0.000426   0.002065   0.001231
 -0.013915  -0.013156   0.017484
  0.017700  -0.015356   0.018853
 -0.002449   0.003528  -0.003562
  0.002358   0.003557  -0.003568
 -0.000145  -0.001934   0.001940
  0.002265  -0.000926   0.001896
 -0.000889  -0.000438   0.001213
    8    1  0.0150  0.0000  0.0000
  0.017355   0.000010   0.000206
 -0.026429   0.001388   0.000573
 -0.002485  -0.000194   0.000099
  0.003433  -0.000184  -0.000295
 -0.005218  -0.000012   0.000021
  0.008525  -0.000402   0.000132
  0.041092  -0.000314   0.000199
 -0.214016  -0.000444   0.004416
  0.088830  -0.063642  -0.003866
  0.089465   0.063611  -0.000371
  0.001360   0.004274  -0.000920
  0.001468  -0.003890   0.000697
 -0.009162  -0.002630   0.001738
  0.004609   0.002815  -0.005383
  0.001173  -0.000387   0.002756
    8    2  0.0000  0.0150  0.0000
 -0.000512   0.017415   0.000391
  0.000477   0.092425   0.014381
  0.000152   0.001787  -0.000103
 -0.000107   0.004434   0.000034
  0.000031   0.000910   0.000146
 -0.000475   0.081121  -0.007733
 -0.000053  -0.021531   0.001516
 -0.000376  -0.312947  -0.014949
 -0.064657   0.075808   0.002956
  0.064939   0.075382   0.001947
 -0.000988  -0.006760   0.000989
  0.000982  -0.006639   0.000971
 -0.000743  -0.003770   0.004047
  0.002152   0.002116  -0.003210
 -0.000823   0.000248  -0.001382
    8    3  0.0000  0.0000  0.0150
 -0.000391   0.000723   0.008787
  0.001129   0.016729  -0.009015
  0.000246  -0.001346  -0.002368
 -0.000091  -0.000467  -0.000303
  0.000167   0.000167   0.002027
  0.000042  -0.002174   0.019371
 -0.000403   0.001535   0.001466
  0.004631  -0.015883  -0.042570
 -0.006671   0.004020   0.013751
  0.002127   0.001067   0.013098
 -0.001576  -0.000534  -0.004225
  0.001619  -0.000369  -0.004179
  0.000197  -0.003037   0.004514
 -0.000691  -0.000331  -0.000611
 -0.000336  -0.000100   0.000256
    9    1  0.0150  0.0000  0.0000
  0.073263  -0.053955   0.015891
  0.085002   0.060958   0.010559
  0.001478   0.000715   0.002182
  0.001746  -0.001566   0.002167
  0.001672  -0.001599  -0.002394
  0.001475   0.001026  -0.001949
  0.084056   0.064128  -0.014885
  0.088931  -0.063102  -0.004928
 -0.444051  -0.003002  -0.010501
  0.098092  -0.002812   0.001537
 -0.002913   0.000314   0.000148
  0.004775   0.000263   0.000111
  0.006072   0.000500   0.002609
 -0.000882  -0.001665   0.002029
  0.001283  -0.000204  -0.002576
    9    2  0.0000  0.0150  0.0000
 -0.051395   0.066270  -0.011633
  0.059120   0.072619   0.009203
 -0.004113  -0.006630  -0.002921
  0.003927  -0.007529   0.001003
  0.004330  -0.007337  -0.001289
 -0.004170  -0.007229   0.002337
  0.062480   0.073043  -0.012815
 -0.064157   0.075511   0.003275
 -0.003807  -0.265295   0.014241
  0.002017  -0.029644   0.000280
  0.000001   0.015058   0.000299
  0.000078   0.020021   0.000606
 -0.006437  -0.001624  -0.001831
  0.001620   0.001165  -0.002429
  0.000507   0.001601   0.001674
    9    3  0.0000  0.0000  0.0150
  0.014494  -0.008898   0.022411
  0.009433   0.009885   0.017836
  0.000268   0.001149  -0.002868
  0.001005  -0.000770  -0.004197
 -0.001103   0.001582  -0.003207
  0.000233  -0.001694  -0.003872
 -0.014246  -0.013913   0.018907
 -0.003961   0.003092   0.014963
 -0.011138   0.013816  -0.044092
 -0.001452  -0.000489  -0.022381
  0.000359   0.000281   0.003391
 -0.000109  -0.000335   0.001816
  0.011381  -0.001898   0.004758
 -0.003011  -0.002247   0.002284
 -0.002152   0.000439  -0.005748
   10    1  0.0150  0.0000  0.0000
  0.064405   0.046703  -0.011354
  0.079171  -0.056162  -0.013427
  0.001510  -0.000543  -0.001996
  0.001646   0.001424  -0.002470
  0.001541   0.001509   0.002493
  0.001589  -0.001049   0.001611
  0.078283  -0.060287   0.018108
  0.090167   0.063932   0.000878
  0.097953   0.001824  -0.002178
 -0.429071  -0.002220   0.014959
  0.004803   0.000075   0.000071
 -0.002990  -0.000255   0.000013
  0.005664   0.005703  -0.009769
  0.006738  -0.001169   0.004109
 -0.001409   0.000515  -0.001048
   10    2  0.0000  0.0150  0.0000
  0.043694   0.057306  -0.008291
 -0.053886   0.067483   0.011396
  0.004174  -0.005645  -0.003145
 -0.003722  -0.007361   0.001704
 -0.004228  -0.006711  -0.002277
  0.004457  -0.006772   0.001844
 -0.056987   0.069197  -0.014731
  0.064385   0.075893   0.000518
 -0.002038  -0.030534  -0.000329
 -0.003081  -0.253835   0.020723
 -0.000025   0.019549   0.000343
  0.000097   0.014530  -0.000009
  0.008549  -0.002575  -0.007817
 -0.001593   0.007926   0.002578
  0.000205   0.001550  -0.002506
   10    3  0.0000  0.0000  0.0150
 -0.007392  -0.006344   0.024408
 -0.013546   0.009782   0.019221
  0.000017   0.000896  -0.002631
 -0.000905  -0.000937  -0.004025
  0.001057   0.001630  -0.002974
 -0.000015  -0.001812  -0.003420
  0.017994  -0.014149   0.020223
 -0.000486   0.002231   0.014407
  0.001772  -0.000448  -0.022187
  0.015118   0.019616  -0.055627
  0.000291  -0.000181   0.001860
 -0.000325   0.000249   0.003276
 -0.024065  -0.013780   0.019090
  0.009704   0.006064  -0.014255
  0.000782  -0.002818   0.002631
   11    1  0.0150  0.0000  0.0000
  0.001450  -0.002156   0.000552
  0.001579   0.000821   0.002024
  0.080823   0.061337   0.011686
  0.083373  -0.062240   0.004935
  0.083962  -0.063628  -0.007875
  0.085903   0.063079  -0.010109
  0.001645   0.001146  -0.002309
  0.001516  -0.001045  -0.001717
 -0.002909   0.000079   0.000130
  0.004797  -0.000040  -0.000155
 -0.446853   0.000141   0.001571
  0.104222   0.000984   0.000130
  0.000089   0.001267   0.000925
  0.000200   0.000048   0.000101
  0.000202   0.000207   0.000110
   11    2  0.0000  0.0150  0.0000
  0.004368  -0.009931  -0.000593
 -0.003931  -0.008116  -0.002527
  0.056766   0.074120   0.009999
 -0.059427   0.074104  -0.003655
 -0.059149   0.073521   0.005707
  0.060515   0.074659  -0.009218
 -0.004060  -0.006411   0.003085
  0.004298  -0.006690  -0.000374
  0.000357   0.015175   0.000099
  0.000153   0.019395  -0.000401
 -0.000299  -0.268518  -0.003783
  0.000051  -0.033664  -0.000104
  0.000445   0.002272   0.000712
 -0.000548  -0.000136   0.000788
  0.000460   0.000218   0.000264
   11    3  0.0000  0.0000  0.0150
  0.001309  -0.000531  -0.003511
  0.000030   0.001822  -0.003741
  0.011821   0.010308   0.017376
  0.004480  -0.004617   0.015794
 -0.007354   0.006926   0.016357
 -0.009731  -0.008604   0.016386
 -0.000464  -0.001721  -0.003572
 -0.000877   0.001033  -0.004092
  0.000043   0.000462   0.003507
  0.000037   0.000730   0.001871
  0.000998  -0.004880  -0.035053
 -0.000135  -0.000650  -0.021552
 -0.000049  -0.000347   0.000045
  0.000024   0.000029  -0.000000
 -0.000133   0.000041   0.000187
   12    1  0.0150  0.0000  0.0000
  0.001905   0.002134  -0.000773
  0.001472  -0.000670  -0.001971
  0.080280  -0.060516  -0.010487
  0.084497   0.062654  -0.006204
  0.082904   0.063251   0.008932
  0.086699  -0.063055   0.008898
  0.001594  -0.001000   0.002369
  0.001650   0.001128   0.001690
  0.004768   0.000030  -0.000134
 -0.002757   0.000117  -0.000252
  0.103357  -0.000745  -0.000765
 -0.446905  -0.002596  -0.000486
 -0.000043  -0.000861  -0.000580
  0.000371   0.000178  -0.000181
  0.000207  -0.000048  -0.000055
   12    2  0.0000  0.0150  0.0000
 -0.004395  -0.009579  -0.000298
  0.003872  -0.008319  -0.002687
 -0.056500   0.073037   0.009243
  0.059827   0.074762  -0.004512
  0.059391   0.074097   0.006528
 -0.060286   0.074245  -0.008137
  0.003698  -0.006409   0.003118
 -0.003742  -0.006547  -0.000189
  0.000384   0.020072  -0.000552
 -0.000162   0.014187   0.000051
  0.001212  -0.032869  -0.000149
 -0.004163  -0.269109  -0.003996
  0.000842   0.002242   0.000403
 -0.000507  -0.000012   0.001082
  0.000531   0.000202   0.000095
   12    3  0.0000  0.0000  0.0150
 -0.001047  -0.000285  -0.003353
 -0.000192   0.001893  -0.003770
 -0.010560   0.009693   0.017332
 -0.005705  -0.004958   0.015931
  0.008430   0.007327   0.016443
  0.008514  -0.008293   0.016314
  0.000469  -0.001837  -0.003595
  0.000724   0.001091  -0.004073
  0.000070   0.000793   0.001924
 -0.000005   0.000351   0.003304
  0.000175  -0.000589  -0.021290
 -0.000861  -0.004888  -0.035266
 -0.000009  -0.000327  -0.000090
  0.000088   0.000010   0.000050
 -0.000093   0.000019   0.000139
   13    1  0.0150  0.0000  0.0000
  0.015948  -0.002774  -0.011161
 -0.005514   0.001277  -0.000346
 -0.001112  -0.000712   0.000740
  0.000193   0.000370   0.000147
 -0.000173  -0.000283   0.000164
  0.000243  -0.000335   0.000142
  0.008793  -0.001257  -0.000281
 -0.008952  -0.000802  -0.000122
  0.006155  -0.006711   0.012319
  0.005658   0.008734  -0.023927
  0.000268   0.000489  -0.000171
 -0.000228   0.000808  -0.000611
 -0.704855   0.054341   0.268067
  0.255416   0.240731  -0.082422
  0.428159  -0.293876  -0.162538
   13    2  0.0000  0.0150  0.0000
 -0.000054   0.012965  -0.003891
 -0.003217   0.004749  -0.001938
 -0.000056  -0.002625   0.004667
 -0.000160   0.000161   0.000288
 -0.000169  -0.001825   0.000119
 -0.000144  -0.000789  -0.000235
  0.002019  -0.003084  -0.001730
 -0.002829  -0.004293  -0.001679
  0.000523  -0.002168  -0.002260
  0.005671  -0.003058  -0.014684
  0.000808   0.002004  -0.000378
 -0.001107   0.002004  -0.000342
  0.057413  -0.527445  -0.023177
  0.176142   0.278308  -0.055719
 -0.234839   0.245096   0.100959
   13    3  0.0000  0.0000  0.0150
  0.004354  -0.004480   0.020571
  0.000781  -0.004509   0.001218
  0.000556  -0.000895   0.002583
  0.000077  -0.000728  -0.000798
  0.000209   0.001088  -0.001371
  0.000129   0.001026  -0.001071
 -0.001010   0.000999   0.000797
  0.001497   0.003401   0.003505
  0.003585  -0.002426   0.003662
 -0.010417  -0.008227   0.017856
  0.000714   0.000558  -0.000885
 -0.000390   0.000366  -0.000984
  0.264800  -0.024545  -0.168901
 -0.102261  -0.089811   0.050748
 -0.162622   0.128183   0.073072
   14    1  0.0150  0.0000  0.0000
  0.001918   0.006351   0.025923
  0.004162  -0.001919  -0.001375
 -0.000089   0.000522  -0.000629
 -0.000098  -0.000609  -0.000128
  0.000054   0.000760  -0.000460
 -0.000146   0.000504   0.000061
 -0.005819   0.001668   0.002402
  0.004782   0.001984  -0.001081
 -0.001117   0.001544  -0.003408
  0.006169  -0.001847   0.009853
 -0.000178  -0.000689  -0.000123
  0.000023  -0.000626  -0.000095
  0.257791   0.173194  -0.103112
 -0.297965  -0.214896   0.080323
  0.030515   0.034060  -0.008148
   14    2  0.0000  0.0150  0.0000
  0.006515   0.001869   0.021521
  0.003583  -0.002422   0.002140
 -0.000229  -0.000066  -0.000311
 -0.000174  -0.000364  -0.000559
 -0.000144   0.000408   0.000184
 -0.000190   0.000179   0.000296
 -0.002807   0.002226  -0.000930
  0.002814   0.002000  -0.000686
 -0.001788   0.000771  -0.002466
 -0.001784   0.007364   0.006383
 -0.000262  -0.000294  -0.000125
  0.000055  -0.000212  -0.000152
  0.242166   0.277079  -0.091195
 -0.215368  -0.268875   0.055147
 -0.032386  -0.019663   0.010754
   14    3  0.0000  0.0000  0.0150
  0.013871   0.014799   0.003799
 -0.004154   0.003834  -0.000350
 -0.000336  -0.000845   0.000855
  0.000084   0.000685   0.000069
 -0.000165  -0.001013   0.000279
  0.000121  -0.000581  -0.000085
  0.005104  -0.002765   0.001303
 -0.005350  -0.002665  -0.001099
  0.002105  -0.002499   0.002201
  0.003996   0.002432  -0.014141
  0.000265   0.001108  -0.000115
 -0.000249   0.001332  -0.000049
 -0.082014  -0.057127   0.052258
  0.080576   0.055115  -0.049477
 -0.013853  -0.011810   0.004554
   15    1  0.0150  0.0000  0.0000
 -0.004179   0.001405  -0.005607
  0.001300   0.000919   0.000532
 -0.000057  -0.000047   0.000716
 -0.000093   0.000295   0.000076
 -0.000142  -0.000218   0.000380
 -0.000089   0.000066   0.000044
 -0.001241  -0.000456  -0.000791
  0.001044  -0.000566   0.000359
  0.001048   0.000688  -0.001844
 -0.001321   0.000533   0.000470
 -0.000084   0.000567   0.000057
 -0.000114   0.000618   0.000040
  0.429886  -0.235459  -0.163836
  0.032452  -0.031651  -0.013438
 -0.458410   0.263308   0.182840
   15    2  0.0000  0.0150  0.0000
 -0.002448   0.002013   0.004661
 -0.000451   0.000037   0.000382
  0.000393  -0.000306   0.000328
  0.000120   0.000153  -0.000216
  0.000091   0.000323   0.000022
  0.000213   0.000203   0.000035
  0.000729   0.000419  -0.000641
 -0.000334   0.000302  -0.000682
 -0.000059   0.001454   0.000234
  0.000415   0.001337  -0.002865
  0.000226   0.000331  -0.000103
  0.000029   0.000310  -0.000124
 -0.294119   0.242092   0.128097
  0.033136  -0.019928  -0.012329
  0.262060  -0.228740  -0.116797
   15    3  0.0000  0.0000  0.0150
 -0.009517   0.008454   0.011097
  0.001809   0.001224  -0.000026
  0.000462  -0.000251   0.000455
  0.000013   0.000372   0.000079
  0.000252  -0.000481   0.000011
  0.000017  -0.000340  -0.000079
 -0.002397  -0.001406   0.000814
  0.002833  -0.001447  -0.000388
 -0.002627   0.001399  -0.006025
 -0.001111  -0.002665   0.002583
  0.000242   0.000216   0.000070
 -0.000026   0.000026   0.000062
 -0.163374   0.100944   0.073158
 -0.008514   0.010865   0.004249
  0.181939  -0.116910  -0.086059
