    4   15   45
  26.982  12.011  16.000   1.000
    1    1  0.0100  0.0000  0.0000
 -0.121183   0.004840  -0.027878
  0.025932  -0.001474  -0.000020
  0.006424  -0.000208  -0.000989
 -0.003440  -0.000020  -0.000149
  0.002654  -0.000331   0.000529
 -0.002213  -0.000316  -0.000025
 -0.015288   0.003698  -0.002173
  0.011344   0.000121  -0.000185
  0.045028  -0.033301   0.011416
  0.028538   0.016939   0.000627
  0.000614   0.002590   0.000979
  0.001348  -0.002881  -0.000710
  0.011459  -0.001581   0.015606
  0.011354   0.014298   0.008604
 -0.002571  -0.002373  -0.005631
    1    2  0.0000  0.0100  0.0000
  0.005104  -0.172698  -0.000160
 -0.000058  -0.016511  -0.000606
 -0.000706   0.052290   0.007636
 -0.000105   0.001711   0.000008
  0.000131   0.003565  -0.000551
 -0.000029   0.001676  -0.000180
 -0.000439   0.046147  -0.015690
 -0.000549   0.011489   0.000974
 -0.033655   0.043764  -0.006492
  0.019852   0.027563  -0.003477
 -0.001491  -0.007015  -0.000431
  0.001376  -0.006348   0.000026
 -0.003015   0.011029   0.001035
  0.010771   0.000993   0.013247
  0.002812   0.002345   0.004662
    1    3  0.0000  0.0000  0.0100
 -0.027777  -0.000382  -0.090662
  0.001759  -0.001477   0.000066
 -0.000945   0.008830   0.011482
 -0.000099   0.000313   0.000784
  0.000093   0.000042  -0.000558
 -0.000208   0.000097  -0.002378
 -0.001626  -0.015075  -0.002219
  0.000529   0.001112   0.005619
  0.012184  -0.009526   0.016470
 -0.005928  -0.004432   0.022106
  0.000375  -0.000859  -0.002317
 -0.000404  -0.000591  -0.001979
 -0.013160  -0.005276   0.056784
  0.032744   0.028091  -0.019898
  0.002464  -0.000869   0.006700
    2    1  0.0100  0.0000  0.0000
  0.025541   0.000224   0.001929
 -0.129892  -0.009521   0.005730
 -0.003782   0.000165   0.000172
  0.005230   0.000710   0.000385
 -0.001972   0.000474  -0.000445
  0.002395   0.000492   0.000074
  0.013403  -0.000964   0.000456
 -0.017370  -0.000349   0.001142
  0.058738   0.042042   0.004941
  0.046167  -0.031293  -0.011869
  0.000949  -0.002803   0.000014
  0.000710   0.001938  -0.000096
 -0.004994  -0.003677   0.002188
  0.004032   0.002918  -0.005010
  0.000846  -0.000356   0.000389
    2    2  0.0000  0.0100  0.0000
 -0.001443  -0.016591  -0.001439
 -0.009679  -0.193881  -0.026238
  0.000246   0.002458   0.000227
 -0.000198   0.051466   0.001806
  0.000437   0.002459  -0.000763
 -0.000200   0.003350  -0.000711
 -0.000880   0.010632   0.000242
  0.002759   0.059490   0.010481
  0.041060   0.048793   0.006549
 -0.032297   0.040863   0.005974
  0.000425  -0.005551   0.001064
 -0.000343  -0.005754   0.001192
  0.002026   0.006023  -0.004794
 -0.002450  -0.004316   0.005916
  0.000536   0.000558   0.000493
    2    3  0.0000  0.0000  0.0100
  0.000145  -0.000654   0.000261
  0.005617  -0.026585  -0.035343
  0.000155   0.000566   0.001019
  0.000079   0.005778   0.012937
  0.000327   0.000009  -0.001859
 -0.000300   0.000534  -0.000163
 -0.000376  -0.000765   0.004788
  0.001180   0.009507  -0.006358
  0.006437   0.005421   0.012210
 -0.009775   0.008080   0.014709
  0.001319  -0.001829  -0.002231
 -0.001342  -0.002177  -0.002331
 -0.000302  -0.001178   0.001271
 -0.003523   0.003419   0.001162
  0.000358  -0.000126  -0.000071
    3    1  0.0100  0.0000  0.0000
  0.006570  -0.000676  -0.000914
 -0.003879   0.000177   0.000158
 -0.134193   0.000858  -0.002431
  0.026960  -0.000038  -0.000157
 -0.017077  -0.000058  -0.000417
  0.014144  -0.000019  -0.000098
  0.002364  -0.000334   0.000086
 -0.001974  -0.000025   0.000480
  0.000901  -0.002600   0.000005
  0.000980   0.002711   0.000073
  0.052756   0.036946   0.008988
  0.053253  -0.037114  -0.006332
 -0.000889   0.000067   0.000660
  0.000019  -0.000222  -0.000374
  0.000065   0.000327   0.000272
    3    2  0.0000  0.0100  0.0000
 -0.000298   0.052246   0.008896
  0.000188   0.002538   0.000602
  0.000718  -0.198253  -0.032061
 -0.000139  -0.015564  -0.001078
  0.000024   0.057734   0.011683
 -0.000400   0.011045   0.000715
  0.000176   0.002662  -0.000764
 -0.000008   0.001334  -0.000984
  0.000273  -0.004681   0.000875
 -0.000557  -0.003591   0.000990
  0.040173   0.049301   0.007339
 -0.039648   0.047474   0.006133
 -0.001290  -0.002251  -0.000725
  0.001031   0.000623  -0.001611
 -0.000244  -0.000619  -0.000010
    3    3  0.0000  0.0000  0.0100
 -0.001000   0.007605   0.011482
  0.000156   0.000241   0.001054
 -0.002332  -0.032532  -0.034622
  0.000165  -0.000932  -0.000010
 -0.000392   0.011871  -0.005911
  0.000127   0.000009   0.006024
 -0.000040   0.000828  -0.000211
  0.000179  -0.000012  -0.001805
  0.001227  -0.002186  -0.001639
 -0.001180  -0.001901  -0.001579
  0.009309   0.007618   0.011983
 -0.007184   0.006307   0.011511
  0.000939   0.003179   0.002355
 -0.000605  -0.000606   0.001134
  0.000630   0.000509   0.000233
    4    1  0.0100  0.0000  0.0000
 -0.003580  -0.000047  -0.000142
  0.005335  -0.000071   0.000142
  0.027189  -0.000096   0.000239
 -0.138916  -0.000053   0.002325
  0.015115  -0.000273   0.000096
 -0.018292  -0.000101   0.000300
 -0.002190   0.000444  -0.000135
  0.002613  -0.000028  -0.000321
  0.000972   0.002400   0.000698
  0.000863  -0.002246  -0.000506
  0.055406  -0.039600   0.001784
  0.055562   0.039758  -0.004477
  0.000131  -0.000080  -0.000131
 -0.000084  -0.000022   0.000107
 -0.000122   0.000015   0.000020
    4    2  0.0000  0.0100  0.0000
 -0.000049   0.001653   0.000320
  0.000707   0.051547   0.005826
 -0.000113  -0.015614  -0.000882
  0.000066  -0.203844   0.011178
 -0.000069   0.011289  -0.000016
 -0.000034   0.062608  -0.009296
  0.000277   0.001792  -0.000007
 -0.000271   0.003011  -0.000283
 -0.001440  -0.005347  -0.000430
  0.001013  -0.005074  -0.000672
 -0.040687   0.048779  -0.002505
  0.040565   0.048982  -0.003208
  0.000328   0.000491  -0.000863
 -0.000348  -0.000252   0.000570
  0.000055  -0.000022   0.000266
    4    3  0.0000  0.0000  0.0100
 -0.000116   0.000015   0.000845
  0.000303   0.001834   0.012941
 -0.000028  -0.000906  -0.000009
  0.002348   0.010918  -0.027119
  0.000086   0.000034   0.006073
  0.000188  -0.009671  -0.007079
  0.000432   0.000453  -0.001709
 -0.000424   0.000111  -0.000408
  0.001208   0.000115  -0.002541
 -0.001800   0.001621  -0.002374
  0.001516  -0.001128   0.010498
 -0.003836  -0.002799   0.011024
  0.000154   0.000212  -0.000092
  0.000030  -0.000712  -0.000075
 -0.000062  -0.000097   0.000024
    5    1  0.0100  0.0000  0.0000
  0.002800   0.000147   0.000100
 -0.002011   0.000395   0.000298
 -0.017895   0.000018  -0.000416
  0.015939   0.000061  -0.000008
 -0.142389   0.000923  -0.002290
  0.028103  -0.000325   0.000005
  0.006591  -0.000780  -0.000197
 -0.003837  -0.000170   0.000347
  0.001107   0.002732  -0.000932
  0.000946  -0.002547   0.000714
  0.055575  -0.039676  -0.003718
  0.055010   0.039635   0.006126
 -0.000330  -0.000033   0.000211
  0.000442  -0.000310  -0.000368
 -0.000051  -0.000068   0.000130
    5    2  0.0000  0.0100  0.0000
 -0.000318   0.003584   0.000047
  0.000406   0.002434   0.000065
  0.000001   0.057767   0.011550
 -0.000383   0.011241   0.000174
  0.000795  -0.195427  -0.016359
 -0.000127  -0.014873   0.000138
  0.000043   0.046666  -0.005931
  0.000192   0.000619  -0.000159
 -0.001594  -0.005091   0.000885
  0.000910  -0.004444   0.001455
 -0.042180   0.048612   0.003905
  0.042228   0.049538   0.004820
 -0.000683  -0.001522   0.001045
  0.001079   0.000928  -0.001569
 -0.000369  -0.000032  -0.000067
    5    3  0.0000  0.0000  0.0100
  0.000586  -0.000575  -0.000587
 -0.000539  -0.000805  -0.001907
 -0.000329   0.011643  -0.006018
 -0.000014  -0.000176   0.006047
 -0.002146  -0.016422  -0.029416
  0.000011   0.000710   0.000273
 -0.000298  -0.000085   0.012371
  0.000165   0.000111   0.001187
 -0.001284  -0.000237  -0.002053
  0.001772  -0.002029  -0.002058
 -0.004272   0.002881   0.010761
  0.006500   0.004259   0.011178
  0.000466   0.000196  -0.000385
 -0.000676   0.000319   0.000635
  0.000059   0.000210  -0.000027
    6    1  0.0100  0.0000  0.0000
 -0.002344  -0.000041  -0.000182
  0.002524  -0.000169  -0.000246
  0.013945  -0.000284   0.000176
 -0.017942  -0.000107   0.000321
  0.027068  -0.000067   0.000146
 -0.143027   0.000850   0.002308
 -0.004069   0.000316  -0.000102
  0.006046  -0.000866  -0.000056
  0.000703  -0.002741   0.000271
  0.001043   0.003092   0.000122
  0.057956   0.040963  -0.007932
  0.058141  -0.041098   0.005238
  0.000077   0.000042  -0.000181
 -0.000132   0.000076   0.000225
  0.000011   0.000033  -0.000108
    6    2  0.0000  0.0100  0.0000
 -0.000282   0.001695   0.000094
  0.000394   0.003331   0.000567
 -0.000108   0.011091   0.000013
 -0.000007   0.062611  -0.009766
 -0.000326  -0.014868   0.000606
  0.001030  -0.208443   0.025575
 -0.000086   0.000921  -0.000192
 -0.000814   0.054528  -0.002652
  0.000807  -0.005083  -0.001346
 -0.000965  -0.004439  -0.001038
  0.041690   0.049459  -0.006270
 -0.041507   0.049251  -0.005582
 -0.000307  -0.000782   0.001072
  0.000644   0.000756  -0.001013
 -0.000165  -0.000027  -0.000068
    6    3  0.0000  0.0000  0.0100
 -0.000023  -0.000289  -0.002421
  0.000046  -0.000793  -0.000195
 -0.000028   0.000589   0.005995
  0.000173  -0.009188  -0.007065
  0.000114   0.000244   0.000312
  0.002100   0.025368  -0.028378
 -0.000120  -0.000629   0.001148
  0.000457  -0.006105   0.013062
 -0.001405   0.001826  -0.002346
  0.000615   0.000677  -0.002077
 -0.007544  -0.007087   0.011416
  0.005166  -0.005280   0.011011
  0.000286  -0.000175  -0.000640
  0.000129   0.000685   0.000311
  0.000034   0.000158  -0.000132
    7    1  0.0100  0.0000  0.0000
 -0.015516  -0.000584  -0.001586
  0.014264  -0.000883  -0.000444
  0.002324   0.000297  -0.000024
 -0.002089   0.000308   0.000424
  0.006450   0.000059  -0.000329
 -0.003967  -0.000100  -0.000097
 -0.142224  -0.009763  -0.005803
  0.029286   0.000117  -0.000222
  0.059808   0.044957  -0.008440
  0.048277  -0.033576   0.014769
  0.000967  -0.002899  -0.000261
  0.000829   0.002044   0.000251
  0.007072   0.003036  -0.003407
 -0.005574  -0.003635   0.006502
  0.000093   0.000622  -0.001334
    7    2  0.0000  0.0100  0.0000
  0.003655   0.046177  -0.015236
 -0.000990   0.010620  -0.000674
 -0.000324   0.002651   0.000803
  0.000545   0.001773   0.000499
 -0.000762   0.046655  -0.000066
  0.000355   0.000912  -0.000641
 -0.009859  -0.177528   0.037740
 -0.000972  -0.014313   0.001646
  0.045077   0.050186  -0.009711
 -0.035695   0.041342  -0.009216
  0.000699  -0.004315  -0.001096
 -0.000587  -0.004601  -0.001369
 -0.002039  -0.003229   0.002779
  0.000997   0.003866  -0.004702
 -0.000098  -0.000196  -0.000755
    7    3  0.0000  0.0000  0.0100
 -0.002089  -0.015607  -0.002220
  0.000335   0.000313   0.004869
  0.000072  -0.000809  -0.000177
 -0.000187  -0.000046  -0.001646
 -0.000208  -0.005875   0.012364
 -0.000100  -0.000146   0.001238
 -0.005687   0.037504  -0.042120
  0.000414   0.001316   0.000517
 -0.008957  -0.007963   0.012969
  0.012769  -0.010569   0.014679
 -0.001661   0.002425  -0.002187
  0.001651   0.002472  -0.002259
 -0.000194  -0.000497   0.000060
  0.004307  -0.002129   0.003076
 -0.000466  -0.000388   0.000835
    8    1  0.0100  0.0000  0.0000
  0.011680  -0.000385   0.000521
 -0.018110   0.002792   0.001346
 -0.001887  -0.000061   0.000188
  0.002559  -0.000303  -0.000374
 -0.003740   0.000192   0.000157
  0.005953  -0.000775   0.000440
  0.029286  -0.000967   0.000630
 -0.142500   0.002292   0.008121
  0.059461  -0.044061  -0.004609
  0.057399   0.040679  -0.003509
  0.000829   0.002827  -0.000778
  0.001001  -0.002439   0.000394
 -0.007606  -0.003797   0.003394
  0.005556   0.004565  -0.007383
  0.000119  -0.000558   0.001464
    8    2  0.0000  0.0100  0.0000
 -0.000003   0.011486   0.000925
 -0.000309   0.059486   0.009314
  0.000004   0.001317  -0.000041
  0.000000   0.003012   0.000152
 -0.000090   0.000572   0.000096
 -0.000913   0.054480  -0.006127
  0.000055  -0.014367   0.001239
  0.002288  -0.205430  -0.007558
 -0.041947   0.051893   0.001972
  0.040074   0.047509   0.000785
 -0.000743  -0.004438   0.000523
  0.000706  -0.004420   0.000523
 -0.001752  -0.004891   0.003750
  0.003084   0.003959  -0.004765
 -0.000453  -0.000167  -0.000789
    8    3  0.0000  0.0000  0.0100
 -0.000152   0.000883   0.005588
  0.001044   0.010888  -0.006245
  0.000468  -0.000994  -0.001792
 -0.000378  -0.000291  -0.000396
  0.000348  -0.000115   0.001215
 -0.000105  -0.002664   0.013100
 -0.000072   0.001545   0.000587
  0.008020  -0.008055  -0.030147
 -0.005486   0.003648   0.011007
 -0.000897  -0.001140   0.009703
 -0.001100  -0.000047  -0.002559
  0.001000   0.000276  -0.002566
  0.000594  -0.002028   0.003438
 -0.002967  -0.001396  -0.001046
 -0.000318  -0.000509   0.000113
    9    1  0.0100  0.0000  0.0000
  0.044911  -0.033979   0.012221
  0.058471   0.040931   0.005879
  0.000943   0.000265   0.001319
  0.001103  -0.001399   0.001236
  0.001185  -0.001554  -0.001310
  0.000774   0.000815  -0.001391
  0.059756   0.045089  -0.009250
  0.059366  -0.041867  -0.004603
 -0.294123  -0.007233  -0.006394
  0.061914  -0.001409   0.000000
 -0.001987   0.000495   0.000094
  0.003175   0.000578   0.000092
  0.005717   0.002515  -0.000114
 -0.001444  -0.003208   0.003826
  0.000238  -0.000039  -0.001603
    9    2  0.0000  0.0100  0.0000
 -0.032878   0.044036  -0.009511
  0.042094   0.049106   0.005301
 -0.002593  -0.004561  -0.002233
  0.002578  -0.005236   0.000142
  0.002911  -0.004970  -0.000362
 -0.002665  -0.004959   0.001850
  0.044911   0.050573  -0.008099
 -0.043747   0.052019   0.003317
 -0.008328  -0.182084   0.011015
  0.000534  -0.018246   0.001021
  0.000091   0.010285   0.000130
  0.000091   0.013686   0.000289
 -0.004876  -0.001763   0.000044
  0.001936   0.001966  -0.003764
 -0.000059   0.000149   0.000862
    9    3  0.0000  0.0000  0.0100
  0.011120  -0.006746   0.016188
  0.005114   0.006622   0.012468
  0.000082   0.000747  -0.001590
  0.000616  -0.000510  -0.002554
 -0.000959   0.000924  -0.002054
  0.000233  -0.001296  -0.002382
 -0.008500  -0.009751   0.013137
 -0.004595   0.002148   0.010899
 -0.005961   0.011001  -0.033067
 -0.001389   0.000464  -0.014285
  0.000177  -0.000061   0.002183
 -0.000171  -0.000453   0.001177
  0.007899  -0.000442  -0.000071
 -0.002412  -0.002697   0.002381
 -0.001254   0.000050  -0.002430
   10    1  0.0100  0.0000  0.0000
  0.028274   0.020192  -0.005923
  0.046194  -0.032399  -0.009462
  0.001123  -0.000502  -0.001280
  0.001008   0.000964  -0.001802
  0.001022   0.000904   0.001795
  0.001128  -0.000921   0.000580
  0.048230  -0.035968   0.012989
  0.057416   0.039977  -0.001547
  0.062321   0.000413  -0.001783
 -0.265882  -0.001432   0.019640
  0.003235   0.000363   0.000120
 -0.001924  -0.000089   0.000045
  0.006427   0.012489  -0.017466
  0.012544  -0.005140   0.005226
 -0.001115   0.001148  -0.001132
   10    2  0.0000  0.0100  0.0000
  0.016647   0.028066  -0.004200
 -0.031061   0.040961   0.008145
  0.002635  -0.003498  -0.001953
 -0.002349  -0.005065   0.001703
 -0.002656  -0.004409  -0.002082
  0.003053  -0.004361   0.000760
 -0.033606   0.041390  -0.010553
  0.040794   0.047716  -0.001254
 -0.001126  -0.018690   0.000494
 -0.001269  -0.160421   0.023571
 -0.000063   0.012705   0.000396
 -0.000080   0.009028   0.000298
  0.013798   0.000390  -0.018667
 -0.006184   0.012926   0.006241
  0.001466   0.003263  -0.002898
   10    3  0.0000  0.0000  0.0100
  0.000560  -0.003366   0.021537
 -0.011601   0.006104   0.014661
  0.000148   0.000977  -0.001592
 -0.000510  -0.000631  -0.002388
  0.000681   0.001478  -0.002100
  0.000135  -0.000998  -0.002158
  0.014420  -0.009252   0.014943
 -0.003306   0.000967   0.009820
  0.000100   0.000958  -0.014229
  0.019450   0.023292  -0.067528
  0.000198  -0.000287   0.001044
 -0.000253  -0.000197   0.001847
 -0.039941  -0.033095   0.039179
  0.021294   0.019613  -0.015299
 -0.001377  -0.005562   0.002262
   11    1  0.0100  0.0000  0.0000
  0.000489  -0.001507   0.000104
  0.000919   0.000362   0.001304
  0.052680   0.039986   0.008714
  0.055030  -0.041056   0.001934
  0.055578  -0.042350  -0.004101
  0.057720   0.041804  -0.008127
  0.000940   0.000608  -0.001720
  0.000767  -0.000764  -0.001193
 -0.002107  -0.000032   0.000043
  0.003036  -0.000071   0.000218
 -0.293975   0.001397   0.001828
  0.069037   0.000870   0.000040
  0.000021   0.000919   0.000704
 -0.000035  -0.000357   0.000153
 -0.000103   0.000192   0.000098
   11    2  0.0000  0.0100  0.0000
  0.002565  -0.006875  -0.000931
 -0.002778  -0.005389  -0.001871
  0.037013   0.049481   0.007538
 -0.038973   0.048964  -0.001244
 -0.039881   0.048738   0.002869
  0.040893   0.049920  -0.007343
 -0.002861  -0.004193   0.002384
  0.002858  -0.004363  -0.000108
  0.000482   0.010378   0.000055
  0.000387   0.012518  -0.000440
  0.000373  -0.179174  -0.002906
 -0.000317  -0.022236   0.000001
  0.000954   0.002153   0.000504
 -0.001196  -0.000442   0.001443
  0.000480   0.000519   0.000049
   11    3  0.0000  0.0000  0.0100
  0.000933  -0.000289  -0.002309
 -0.000070   0.001185  -0.002303
  0.009015   0.007455   0.011985
  0.001645  -0.002394   0.010672
 -0.003922   0.004032   0.010963
 -0.007768  -0.006267   0.011275
 -0.000249  -0.001060  -0.002231
 -0.000821   0.000572  -0.002582
  0.000011   0.000187   0.002120
  0.000073   0.000483   0.001086
  0.001443  -0.003510  -0.024594
 -0.000101  -0.000190  -0.014070
 -0.000084  -0.000220   0.000052
  0.000002  -0.000000  -0.000191
 -0.000106   0.000016   0.000127
   12    1  0.0100  0.0000  0.0000
  0.001362   0.001431  -0.000404
  0.000712  -0.000270  -0.001396
  0.053134  -0.039709  -0.006625
  0.055442   0.041004  -0.004370
  0.055122   0.042296   0.006306
  0.058005  -0.041593   0.005542
  0.000817  -0.000479   0.001661
  0.000982   0.000793   0.001054
  0.003092   0.000087  -0.000149
 -0.001930   0.000066  -0.000243
  0.068882  -0.000624  -0.000024
 -0.295376  -0.002726  -0.000506
 -0.000285  -0.000732  -0.000475
  0.000109   0.000454  -0.000300
 -0.000067   0.000002  -0.000071
   12    2  0.0000  0.0100  0.0000
 -0.002816  -0.006279  -0.000663
  0.001923  -0.005650  -0.002251
 -0.037008   0.047779   0.006008
  0.039141   0.049323  -0.003019
  0.039862   0.049682   0.004246
 -0.040762   0.049383  -0.005431
  0.002110  -0.004470   0.002342
 -0.002445  -0.004342   0.000184
  0.000587   0.013568  -0.000476
 -0.000058   0.008934  -0.000333
  0.000929  -0.021921  -0.000116
 -0.002036  -0.177910  -0.002142
  0.001164   0.002194   0.000188
 -0.001063  -0.000608   0.001641
  0.000471   0.000316  -0.000179
   12    3  0.0000  0.0000  0.0100
 -0.000671   0.000152  -0.001976
 -0.000064   0.001307  -0.002368
 -0.006357   0.006250   0.011752
 -0.004253  -0.003143   0.010959
  0.006278   0.004826   0.011056
  0.005224  -0.005581   0.011051
  0.000342  -0.001296  -0.002310
  0.000417   0.000630  -0.002578
  0.000099   0.000418   0.001096
  0.000079   0.000312   0.001893
  0.000153  -0.000006  -0.014072
 -0.001278  -0.003558  -0.024299
 -0.000073  -0.000098  -0.000205
  0.000119  -0.000096  -0.000068
 -0.000014  -0.000117   0.000068
   13    1  0.0100  0.0000  0.0000
  0.011606  -0.003135  -0.012960
 -0.004701   0.001857  -0.000481
 -0.000952  -0.001384   0.000878
 -0.000054   0.000236   0.000052
 -0.000392  -0.000623   0.000428
  0.000010  -0.000281   0.000242
  0.006869  -0.001695  -0.000700
 -0.007561  -0.001335  -0.000001
  0.005686  -0.005003   0.008144
  0.006037   0.013491  -0.039469
  0.000171   0.000993  -0.000107
 -0.000425   0.001168   0.000004
 -0.211339   0.120417   0.181734
  0.019477   0.011863   0.022077
  0.175568  -0.136570  -0.159841
   13    2  0.0000  0.0100  0.0000
 -0.001842   0.010939  -0.005217
 -0.003959   0.005965  -0.001623
 -0.000087  -0.002328   0.003436
 -0.000146   0.000367   0.000348
 -0.000207  -0.001631   0.000206
 -0.000133  -0.000841  -0.000128
  0.003031  -0.003409  -0.000248
 -0.004188  -0.005071  -0.001482
  0.002183  -0.002037  -0.000335
  0.012181  -0.000081  -0.033147
  0.000679   0.002035  -0.000145
 -0.000916   0.002105  -0.000087
  0.121968  -0.199227  -0.119890
 -0.001616   0.052125   0.024757
 -0.126949   0.141091   0.133555
   13    3  0.0000  0.0000  0.0100
  0.015616   0.001671   0.057310
  0.001947  -0.004562   0.001722
  0.000614  -0.000366   0.002743
 -0.000184  -0.000630   0.000038
  0.000141   0.000928  -0.000485
 -0.000273   0.000992  -0.000566
 -0.003354   0.002187   0.000416
  0.003145   0.003117   0.003928
 -0.000011   0.000185  -0.000218
 -0.017424  -0.017970   0.037774
  0.000267   0.000260  -0.000036
 -0.000470   0.000098  -0.000314
  0.182866  -0.118942  -0.291262
 -0.017387  -0.016220   0.016932
 -0.165493   0.149253   0.172018
   14    1  0.0100  0.0000  0.0000
  0.011612   0.010941   0.032610
  0.003881  -0.002393  -0.003360
  0.000096   0.001146  -0.000581
 -0.000013  -0.000302   0.000019
  0.000466   0.001107  -0.000711
 -0.000111   0.000679   0.000074
 -0.005291   0.000880   0.004456
  0.005355   0.002972  -0.002981
 -0.001490   0.001847  -0.002400
  0.012456  -0.006212   0.021526
 -0.000067  -0.001231  -0.000024
  0.000149  -0.001064   0.000019
  0.019610  -0.001871  -0.016822
 -0.052904  -0.010335  -0.029270
  0.006251   0.003835  -0.002555
   14    2  0.0000  0.0100  0.0000
  0.014546   0.000954   0.027855
  0.002782  -0.004404   0.003660
 -0.000142   0.000561  -0.000635
  0.000002  -0.000358  -0.000712
 -0.000228   0.000854   0.000272
  0.000092   0.000693   0.000662
 -0.003301   0.003722  -0.002121
  0.004343   0.003786  -0.001430
 -0.003116   0.001698  -0.002751
 -0.005222   0.012868   0.019689
 -0.000406  -0.000646  -0.000100
  0.000421  -0.000742  -0.000207
  0.011885   0.052739  -0.015439
 -0.010326  -0.057834  -0.035570
 -0.011330  -0.013891   0.006826
   14    3  0.0000  0.0000  0.0100
  0.008447   0.013082  -0.020057
 -0.005181   0.005798   0.000840
 -0.000461  -0.001815   0.000964
  0.000028   0.000456  -0.000130
 -0.000381  -0.001516   0.000681
  0.000185  -0.000940   0.000357
  0.006417  -0.004433   0.002925
 -0.007376  -0.004488  -0.001116
  0.003823  -0.003904   0.002574
  0.005128   0.005893  -0.014902
  0.000357   0.001589  -0.000155
 -0.000341   0.001779  -0.000033
  0.022327   0.024473   0.016405
 -0.028894  -0.035126   0.006439
 -0.004077  -0.000846   0.005208
   15    1  0.0100  0.0000  0.0000
 -0.002801   0.002875   0.002639
  0.000835   0.000595   0.000296
  0.000097  -0.000233   0.000636
  0.000033   0.000092  -0.000030
 -0.000091  -0.000353   0.000152
  0.000056  -0.000148   0.000063
 -0.000176  -0.000182  -0.000366
  0.000346  -0.000451  -0.000180
 -0.000005  -0.000016  -0.001153
 -0.001074   0.001809  -0.001326
  0.000084   0.000447  -0.000044
 -0.000040   0.000380  -0.000101
  0.174568  -0.126406  -0.165599
  0.006323  -0.011219  -0.003833
 -0.178154   0.132809   0.168845
   15    2  0.0000  0.0100  0.0000
 -0.002267   0.002208  -0.000674
 -0.000045   0.000484  -0.000050
  0.000307  -0.000553   0.000581
 -0.000027  -0.000012  -0.000078
 -0.000047  -0.000043   0.000139
  0.000062  -0.000020   0.000181
  0.000599  -0.000139  -0.000591
 -0.000462  -0.000158  -0.000689
  0.000077  -0.000002  -0.000023
  0.001081   0.003067  -0.005676
  0.000147   0.000396  -0.000056
 -0.000091   0.000275  -0.000150
 -0.136163   0.140996   0.149321
  0.003558  -0.014239  -0.000780
  0.133273  -0.132260  -0.141455
   15    3  0.0000  0.0000  0.0100
 -0.005547   0.004662   0.006839
  0.000648   0.000416   0.000022
  0.000227   0.000068   0.000260
 -0.000052   0.000352   0.000064
  0.000133  -0.000142  -0.000079
 -0.000100  -0.000125  -0.000127
 -0.001392  -0.000642   0.000659
  0.001566  -0.000725  -0.000014
 -0.001460   0.000804  -0.002619
 -0.001259  -0.003235   0.002275
  0.000101   0.000060   0.000081
 -0.000093  -0.000066   0.000090
 -0.159625   0.133677   0.172149
 -0.002658   0.006644   0.005232
  0.169510  -0.141748  -0.184833
